0 0.76928 0 0 0 0 0.76533 0 0 0 0 0 0 0.74085 0 0 0 0 0 0 0 0 0 0 0.69326 0 0 0 0.70804 0 0.70189 0 0 0 0 0 0 0 0 0 0 0.36511 0.35746 0 0.43177 0.36542 0.4665 0.4053 0.51344 0 0 0 0.36697 0 0.26022 0.59847 0 0.43389 0.42652 0 0.50887 0.43034 0 0 0.47154 0.28152 0 0 0.38506 0 0 0 0 0.38921 0 0 0 0 0.31685 0.35134 0 0
0.92739 0.84177 0 0 0 0 0.81308 0 0 0 0 0 0 0.82508 0 0 0 0 0 0 0.79509 0 0 0 0.75758 0 0 0 0.77606 0 0.77817 0 0 0 0 0 0 0 0 0 0 0.40126 0.29793 0.37118 0.55115 0.44107 0.58335 0.36475 0.66812 0.35877 0.32805 0 0.51888 0 0.33146 0.74164 0 0.56534 0.56867 0 0.64608 0.38567 0 0 0.61957 0 0 0.40318 0.50365 0.34621 0.3803 0.28152 0 0.34321 0.42903 0 0.43165 0.406 0.4299 0.46482 0.48284 0.45865
0 0 0 0 0 0 0 0 0 0 0 0 0 0 0 0 0 0 0 0 0 0 0 0 0 0 0 0 0 0 0 0 0 0 0 0 0 0 0 0 0 0.26021 0.37918 0 0.28015 0.2177 0.32162 0.45269 0.44276 0.40927 0.27471 0.37252 0 0.6989 0.2289 0.51608 0.29666 0.29586 0 0.69627 0.42926 0.49656 0.67276 0.62021 0.47101 0 0 0.50673 0.42932 0 0 0 0 0.54209 0.5723 0 0 0 0 0.46048 0 0
0.76384 0 0 0.55888 0.64101 0.54115 0 0.5144 0 0.71975 0 0.48797 0 0.60794 0.55921 0 0.45891 0.50237 0 0.49269 0.77708 0 0 0.49286 0 0 0.61886 0.38548 0 0 0 0.55302 0.68168 0.67253 0 0.70492 0.6554 0 0.48734 0.4944 0.53345 0.56225 0.59458 0.42932 0.43447 0.47693 0.41498 0.64744 0.38423 0.63001 0.52333 0.35814 0.35958 0 0.42958 0.41084 0 0.34244 0.35851 0 0.33881 0.67432 0.76144 0 0.3216 0 0 0.54025 0 0.46396 0.455 0 0.39319 0.55985 0.56204 0 0.59693 0.51515 0.35773 0.3117 0.31354 0.34321
0 0.78736 0 0 0 0 0.75973 0.87679 0 0.7248 0 0.77318 0.86502 0.80798 0 0 0 0.83864 0.85067 0 0 0.80751 0 0.82192 0 0.4622 0.61406 0.63699 0 0 0 0.66643 0.67077 0.64254 0 0.68906 0.65486 0.70123 0.70312 0.71262 0.69601 0.5343 0.44673 0 0.67188 0.5998 0.71052 0.39242 0.7837 0.39741 0.4027 0.6985 0.62319 0.46786 0.49128 0.83317 0.3828 0.65592 0.68355 0.44051 0.73741 0.36915 0.41014 0.40814 0.69381 0.40318 0.31373 0 0.54025 0 0.40745 0.40506 0.41959 0.34205 0.30597 0 0.34959 0.33579 0.52331 0.5086 0.52403 0.49276
0 0 0 0 0 0 0 0 0 0 0 0 0 0 0 0 0 0 0 0 0 0 0 0 0 0 0.56502 0 0 0 0 0 0.6292 0.60338 0 0.65198 0.6172 0 0 0 0 0.47533 0.43349 0 0.64 0.564 0.67021 0.38261 0.77437 0.3768 0.36305 0 0 0 0.46702 0.82532 0 0.64307 0.68707 0 0.7294 0.37445 0 0 0.70854 0.40921 0 0.31373 0.54844 0 0 0.40527 0 0.38412 0.35365 0 0.39661 0.3789 0 0.53771 0 0
0.67923 0 0 0.40934 0 0.39359 0 0 0 0.75761 0 0 0 0.54416 0.43792 0 0 0 0 0.3919 0.85139 0 0 0 0 0 0 0.40233 0 0 0 0 0 0 0 0 0 0 0 0 0 0.46521 0.5896 0.29586 0.26366 0.34316 0.21651 0.658 0.30856 0.64235 0.48835 0 0 0 0.37609 0.35301 0 0 0.37375 0 0.26191 0.71496 0 0 0.35907 0.56534 0 0.65592 0.34244 0 0 0 0 0 0 0 0 0 0 0.46867 0 0
0 0 0 0 0 0 0 0 0 0 0 0 0 0 0 0 0 0.67673 0 0 0 0 0 0.67443 0 0 0.69279 0 0 0 0 0 0.75339 0.7405 0 0.77732 0.73877 0 0.63474 0.64612 0.66557 0.56045 0.5376 0 0.53032 0 0.54921 0.59568 0.50538 0.59058 0.51009 0 0.31597 0 0.40132 0.58519 0 0 0.35781 0.76465 0.5033 0.62514 0.7129 0 0.40052 0.4299 0 0.52331 0.35773 0 0 0.31685 0.31333 0.47429 0.54099 0 0.54948 0.47614 0 0.27229 0.31166 0.30042
0 0 0 0 0 0 0 0 0 0 0 0 0 0 0 0 0 0 0 0 0 0 0 0 0 0 0 0 0 0 0 0 0 0 0 0 0 0 0 0 0 0 0 0 0 0.37471 0 0 0.23225 0 0 0 0.27688 0 0 0.33466 0 0 0.27143 0 0 0 0 0 0.31631 0 0 0 0 0.50766 0.60436 0 0 0.70566 0 0 0 0 0 0.45469 0 0.51839
0 0 0 0 0 0 0 0 0 0 0 0 0 0 0 0 0 0 0 0 0 0 0 0 0 0 0 0 0 0 0 0 0 0 0 0 0 0 0 0 0 0.29692 0 0.29666 0.47362 0.37641 0.51372 0.3641 0.63158 0.32726 0.23415 0 0 0 0.33253 0.70409 0 0.49411 0.58652 0 0.61079 0.38146 0 0 0.62625 0 0 0.3828 0.51006 0 0 0 0 0.44206 0.43646 0 0 0 0 0 0 0
0.87117 0 0 0.64474 0 0.60356 0 0 0 0.85595 0 0 0 0.75518 0.67042 0 0 0 0 0.62012 0.90572 0 0 0 0 0 0 0.60116 0 0 0 0 0.84801 0 0 0.87069 0 0 0 0 0 0.27524 0.43622 0.2177 0.28265 0 0.34429 0.52079 0.43259 0.48636 0.34253 0.37471 0.44606 0 0.25817 0.52434 0 0.34316 0.4492 0 0.42658 0.56476 0 0 0.49082 0.44107 0 0.5998 0.47693 0.51648 0.59213 0 0.56059 0.62019 0.6696 0 0.69225 0.65405 0 0.52744 0 0.57286
0.8675 0.81018 0 0.67479 0.7821 0.64176 0.82845 0 0 0.78993 0 0 0 0.74947 0.71767 0 0.57083 0.6979 0 0.65489 0.81319 0 0 0.69366 0.75662 0 0.67934 0.59157 0.76723 0 0.761 0 0.74699 0.72825 0 0.77512 0.73816 0 0.70083 0 0 0.30411 0.35504 0.2289 0.35335 0.25817 0.40279 0.43709 0.47044 0.40965 0.2966 0.39971 0.3974 0 0 0.55582 0 0.37609 0.43453 0 0.46431 0.46908 0 0 0.48358 0.33146 0 0.49128 0.42958 0.4048 0.46708 0.26022 0 0.49243 0.54371 0 0.5606 0.52367 0.40132 0.42972 0.47245 0.46908
0 0 0 0 0 0 0 0 0 0.76412 0 0 0 0 0 0 0 0.72137 0 0.71139 0 0 0 0 0 0 0.63054 0.55811 0.71223 0.67877 0 0.65776 0.69655 0.67261 0 0.71557 0.68394 0 0 0.64999 0.66457 0 0 0 0 0 0 0 0.61787 0 0.48595 0 0.4361 0 0 0.68119 0 0 0.50279 0 0.59801 0 0 0 0.52397 0.39955 0 0.41959 0.39319 0.35228 0.29588 0 0 0.38643 0.42224 0 0.42306 0.34141 0.31333 0.3154 0.31501 0.27325
0 0.83479 0 0.93257 0.95573 0 0.81686 0.91152 0 0.78996 0 0.82023 0.93015 0.86296 0 0 0 0.86956 0.91489 0.86864 0 0.86522 0 0.85136 0.75285 0.52768 0.65597 0.68192 0.76586 0.72698 0.78104 0 0.72142 0.70401 0 0.74726 0.71282 0.74241 0.76247 0 0.75557 0.56915 0.41074 0 0.71323 0.62019 0.74015 0.40969 0.7851 0.41754 0.4551 0.70566 0.59316 0.47662 0.49243 0.86528 0.44206 0.70488 0.66271 0.45783 0.7661 0.40479 0.39115 0.44181 0.69654 0.34321 0.38412 0.34205 0.55985 0.39171 0.34403 0.38921 0.38643 0 0.32043 0 0.28714 0.29074 0.47429 0.48979 0.51435 0.47285
0 0.84803 0 0.97121 0.9733 0 0.82404 0.94853 0 0.79744 0 0.84891 0.93983 0.8771 0 0 0 0.90505 0.92481 0 0 0.88291 0 0 0.76659 0.5401 0.67685 0.71152 0 0 0.79352 0 0.73745 0.71213 0 0.75947 0.72633 0.76539 0.78254 0 0.77602 0.62385 0.49833 0 0.77393 0.69225 0.80227 0.44278 0.84677 0.47033 0.50434 0 0.67566 0.48037 0.5606 0.91512 0 0 0.72199 0.44641 0 0.42759 0.37683 0.45676 0.75542 0.43165 0.39661 0.34959 0.59693 0.49432 0.3723 0.45194 0.42306 0.28714 0.28818 0 0 0.24771 0.54948 0.54071 0.53781 0.49174
0 0.82951 0 0 0 0 0.79743 0.93098 0 0.76404 0 0.82483 0 0.84783 0 0 0 0.86679 0.89007 0 0 0.8478 0 0.8608 0 0.51328 0.64415 0.68803 0 0 0 0 0.70382 0.67844 0 0.72593 0.68407 0.73936 0.74725 0 0 0.5978 0.48002 0 0.74416 0.6696 0 0.43899 0.83155 0.44947 0.46715 0 0.66377 0 0.54371 0 0.43646 0 0.72019 0.42723 0.79446 0.41003 0.37964 0.43461 0.74797 0.42903 0.35365 0.30597 0.56204 0 0.37933 0.43342 0 0.32043 0 0 0.28818 0.26137 0.54099 0.53919 0.54118 0.49328
0 0.80748 0 0 0 0 0.77343 0.87936 0 0.75175 0 0.77514 0.89663 0.81316 0 0 0 0.83943 0.87735 0 0 0.84081 0 0.81878 0 0.48845 0.62232 0.64049 0 0 0 0 0.68777 0.66414 0 0.70607 0.67532 0.70427 0.71745 0 0 0.60897 0.4858 0 0.70955 0.65405 0 0.47664 0.78701 0.49639 0.4832 0 0.61416 0.54527 0.52367 0.8476 0.46106 0.68853 0.67212 0.50865 0.75057 0.46368 0.43615 0.4989 0.6872 0 0.3789 0.33579 0.51515 0 0.29751 0 0.34141 0.29074 0.26137 0 0.24771 0 0.47614 0.45462 0.45472 0.40442
0.87631 0 0 0.60047 0 0.58513 0 0.56315 0 0.89643 0 0.5799 0 0.70991 0.6074 0 0 0.57805 0 0.54097 0.96054 0 0 0.57569 0 0 0.78993 0.50109 0 0 0 0 0.85377 0.85278 0 0.88781 0.83639 0.62552 0.60716 0.62054 0.67237 0.6164 0.697 0.47101 0.42944 0.49082 0.39744 0.76184 0.29369 0.74618 0.6236 0.31631 0.33043 0.99003 0.48358 0.29086 0 0.35907 0.29518 0.96668 0.26717 0.80813 0.92034 0 0 0.61957 0.70854 0.69381 0.3216 0.52577 0.57479 0.47154 0 0.69654 0.74797 0 0.75542 0.6872 0.40052 0.39039 0.41645 0.46364
0.86823 0 0 0.67814 0 0.67022 0 0.64175 0 0.78415 0 0.60236 0 0.7157 0.69288 0 0 0.62763 0 0.61074 0.8212 0 0 0.6164 0 0 0.64969 0.49526 0 0 0 0 0.71533 0.69958 0 0.74636 0.70384 0.58912 0.58847 0.59327 0.62064 0.58743 0.56533 0.46048 0.52252 0.52744 0.5275 0.6199 0.49316 0.61705 0.52649 0.45469 0.36813 0.80813 0.42972 0.53872 0 0.46867 0.39396 0.7811 0.45917 0.63219 0.72213 0 0.39039 0.46482 0.53771 0.5086 0.3117 0 0.38233 0.35134 0.3154 0.48979 0.53919 0.33724 0.54071 0.45462 0.27229 0 0.23016 0.23871
0 0 0 0 0 0 0 0 0 0 0 0 0 0 0 0 0 0.57893 0 0 0 0 0 0 0 0 0 0 0 0 0 0 0 0 0 0 0 0 0 0.60822 0.65017 0 0 0 0.4603 0 0.44255 0 0.34558 0 0.64303 0 0 0 0 0.3309 0 0.38459 0.3533 0 0.27094 0 0 0 0.25958 0 0 0.68805 0.29562 0 0 0 0 0 0 0 0 0 0 0.33724 0.34195 0.40164
0.81623 0 0 0.52799 0.6536 0.50544 0 0 0 0.87841 0 0.53455 0 0.64752 0.5338 0 0.42973 0.51733 0 0.47891 0.96543 0 0 0.51711 0 0 0 0.46786 0 0 0 0.69525 0.87838 0 0 0 0 0 0.58157 0.59168 0.65194 0.57909 0.69753 0.42926 0.34197 0.42658 0.30133 0.77965 0.22884 0.75049 0.60232 0.26772 0.36421 0 0.46431 0.22121 0 0.26191 0.3396 0 0 0.82356 0.95886 0 0.26717 0 0 0.73741 0.33881 0.58798 0.66163 0 0.59801 0.7661 0.79446 0 0 0.75057 0.5033 0.45917 0.47383 0.52458
0.79472 0.81558 0 0.54876 0.65006 0.51862 0.92417 0 0 0.85144 0 0 0 0.67193 0.58383 0 0.44606 0.5783 0 0.52611 0.92186 0 0 0.57943 0 0 0 0.52482 0 0 0 0 0.85474 0 0 0.89184 0 0 0.64215 0.66789 0.72489 0.41986 0.54896 0.28015 0 0.28265 0.28004 0.62999 0.3467 0.61339 0.44549 0.30406 0.42043 0 0.35335 0.40304 0 0.26366 0.4114 0 0.34197 0.67974 0 0 0.42944 0.55115 0 0.67188 0.43447 0.56278 0.63044 0.43177 0.58655 0.71323 0.74416 0.4603 0.77393 0.70955 0 0.52252 0 0.57889
0 0 0 0 0 0 0 0 0 0 0 0 0 0 0 0 0 0.57298 0 0 0 0 0 0.5732 0 0 0.86345 0.5276 0 0 0 0 0.92416 0.92409 0 0.95668 0.90722 0 0.63545 0.65776 0.71193 0.58152 0.70559 0.44276 0.3467 0.43259 0.31717 0.78516 0 0.7568 0.61468 0 0.32829 1 0.47044 0.24903 0 0.30856 0.28751 1 0.22884 0.82621 0.97427 0 0.29369 0.66812 0 0.7837 0.38423 0 0 0.51344 0 0.7851 0.83155 0 0.84677 0.78701 0.50538 0.49316 0.52084 0.56087
0.74708 0 0 0.48681 0.60107 0.46432 0 0 0 0.82118 0 0 0 0.61533 0.52705 0 0.39279 0.51687 0 0.47057 0.91312 0 0 0.52116 0 0 0 0.48191 0 0 0 0 0 0 0 0 0 0 0.59671 0.61596 0.6719 0.47954 0.61682 0.32162 0.28004 0.34429 0 0.68468 0.31717 0.66589 0.50889 0.31131 0.42323 0 0.40279 0.33684 0 0.21651 0.40743 0 0.30133 0.72851 0 0 0.39744 0.58335 0 0.71052 0.41498 0 0 0.4665 0.60163 0.74015 0.77782 0 0.80227 0 0 0.5275 0 0.57965
0.8909 0 0 0.60361 0.7376 0.59677 0 0 0 0.9648 0 0 0 0.7369 0.61407 0 0.51403 0.60365 0 0.55615 1 0 0 0.60172 0 0 0 0.55902 0 0 0 0 0 0 0 0 0 0 0.66517 0.68442 0.74188 0.66858 0.78546 0.51608 0.40304 0.52434 0.33684 0.87578 0.24903 0.84916 0.69258 0.33466 0.43612 0 0.55582 0 0 0.35301 0.388 0 0.22121 0.91158 1 0 0.29086 0.74164 0 0.83317 0.41084 0 0 0.59847 0.68119 0.86528 0.8926 0 0.91512 0 0.58519 0.53872 0.56232 0.6088
0.88719 0 0 0.63459 0 0.605 0 0.59704 0 0.89379 0 0.61387 0 0.73601 0.64046 0 0 0.61188 0 0.58161 0.96112 0 0 0.6093 0 0 0.79322 0.52258 0 0 0 0.72667 0.85568 0.85248 0.63474 0.89302 0.84229 0.65375 0.63411 0.65123 0.69229 0.5739 0.64306 0.43824 0.4114 0.4492 0.40743 0.71243 0.28751 0.6999 0.578 0.27143 0.2708 0.93507 0.43453 0.388 0 0.37375 0 0.93177 0.3396 0.75194 0.87642 0 0.29518 0.56867 0 0.68355 0.35851 0.46745 0.55688 0.42652 0.50279 0.66271 0.72019 0 0.72199 0.67212 0.35781 0.39396 0.42625 0.46199
0.8738 0 0 0.76998 0.84374 0.73678 0 0 0 0.73987 0 0.76322 0 0.78288 0.82454 0 0.6744 0.78695 0 0.76577 0.74972 0 0 0.7855 0 0 0.62749 0.63531 0 0 0 0.69379 0.68839 0.67165 0 0.70983 0.68441 0 0.73464 0.73092 0.73469 0.25883 0.32182 0.27471 0.44549 0.34253 0.50889 0.33759 0.61468 0.29379 0 0.54 0.53953 0.55566 0.2966 0.69258 0.23415 0.48835 0.578 0.55427 0.60232 0.36237 0.53091 0.47382 0.6236 0.32805 0 0.4027 0.52333 0.47063 0 0.30711 0.48595 0.4551 0.46715 0 0.50434 0.4832 0.51009 0.52649 0.55173 0.53961
0 0 0 0.73509 0 0.7164 0 0.6931 0 0.78617 0 0.64465 0 0 0.73997 0 0 0.67246 0 0.66341 0 0 0 0.66197 0 0 0.64824 0.52148 0 0 0 0.64857 0.71671 0 0.67011 0.74455 0 0.61518 0.61643 0.62307 0.64633 0.61466 0.57018 0 0.57889 0 0.57965 0.61675 0.56087 0.61376 0.53961 0.51839 0.43453 0 0.46908 0.6088 0 0 0.46199 0.75247 0.52458 0.62232 0.69092 0 0.46364 0.45865 0 0.49276 0.34321 0.42313 0.35366 0 0.27325 0.47285 0.49328 0 0.49174 0.40442 0.30042 0.23871 0.20854 0
0 0 0 0.69753 0 0.67922 0 0.65481 0 0.78476 0 0.61548 0 0 0.7017 0 0 0.63758 0 0.62403 0 0 0 0.62573 0 0 0.66191 0.50067 0 0 0 0.63761 0 0 0.63913 0 0 0.59525 0.59291 0.60068 0.63026 0 0 0 0 0 0 0 0.52084 0 0.55173 0 0.41212 0 0 0.56232 0 0 0.42625 0.79123 0.47383 0 0.73337 0 0.41645 0 0 0.52403 0.31354 0.43288 0.39782 0 0.31501 0.51435 0.54118 0 0.53781 0.45472 0.31166 0.23016 0 0.20854
0 0 0 0 0 0 0 0 0 0.88156 0 0.6352 0 0 0 0 0 0.63123 0 0.60449 0 0 0 0.63234 0 0 0.78528 0.54201 0 0 0 0 0.83891 0.83393 0 0.87343 0.82842 0 0.65291 0.66426 0.70407 0.54618 0.59037 0 0.42043 0.44606 0.42323 0.66526 0.32829 0.64543 0.53953 0.27688 0 0 0.3974 0.43612 0 0 0.2708 0.86032 0.36421 0.70009 0.81736 0 0.33043 0.51888 0 0.62319 0.35958 0.38017 0.48355 0.36697 0.4361 0.59316 0.66377 0 0.67566 0.61416 0.31597 0.36813 0.41212 0.43453
0 0 0 0 0 0 0 0 0 0 0 0 0 0 0 0 0 0 0 0 0 0 0 0 0 0 0 0 0.75025 0.70012 0 0.68701 0.71154 0 0 0 0 0 0 0 0 0 0 0 0 0 0 0 0.67163 0 0.49002 0.60436 0.48355 0 0 0.73945 0 0 0.55688 0 0 0 0 0 0.57479 0.3803 0 0.40745 0 0.35095 0 0 0.29588 0.34403 0.37933 0 0.3723 0.29751 0.37184 0.38233 0.39782 0.35366
0 0.88758 0 0 0 0 0 0 0 0 0 0 0 0.84335 0 0 0 0 0 0 0 0 0 0 0.81602 0 0 0 0.80703 0.77367 0.81384 0.74663 0.79212 0 0 0 0 0 0 0 0 0.54019 0.45832 0 0.56278 0.51648 0.58721 0.51934 0.59291 0.5073 0.47063 0.50766 0.38017 0 0.4048 0.6765 0 0 0.46745 0 0 0.54062 0 0 0.52577 0.34621 0 0.49143 0.46396 0 0.35095 0.31015 0.35228 0.39171 0.50571 0 0.49432 0.45827 0.32785 0.40437 0.43288 0.42313
0.98306 0.88855 0 0.92393 0 0 0.85921 0 0 0 0 0 0 0.9007 0 0 0 0 0 0 0.84053 0.92145 0 0 0.81491 0 0.72041 0 0 0 0.84017 0 0.78011 0.74774 0 0.80324 0.76846 0 0 0 0 0.42587 0.33641 0.45269 0.62999 0.52079 0.68468 0 0.78516 0.24897 0.33759 0 0.66526 0.39141 0.43709 0.87578 0.3641 0.658 0.71243 0.40639 0.77965 0.25126 0.38304 0.35281 0.76184 0.36475 0.38261 0.39242 0.64744 0.51934 0 0.4053 0 0.40969 0.43899 0 0.44278 0.47664 0.59568 0.6199 0.642 0.61675
0 0 0 0 0 0 0 0 0 0 0 0 0 0 0 0 0 0 0 0 0 0 0 0 0 0 0 0 0 0 0 0 0 0 0 0 0 0 0 0 0 0.36837 0.33761 0.40927 0.61339 0.48636 0.66589 0.24897 0.7568 0 0.29379 0 0.64543 0.41555 0.40965 0.84916 0.32726 0.64235 0.6999 0.42559 0.75049 0.21838 0.40909 0.37082 0.74618 0 0 0.39741 0.63001 0 0 0 0 0.41754 0.44947 0 0.47033 0.49639 0.59058 0.61705 0 0
0.92057 0.86643 0 0.75899 0.83571 0.71677 0.87178 0 0 0.83446 0 0 0 0.82929 0.80845 0 0.65768 0.78876 0 0.74596 0.86708 0 0 0.78751 0.82188 0 0 0.68948 0 0 0 0 0 0 0 0 0 0 0.80492 0 0 0 0.37439 0.26021 0.41986 0.27524 0.47954 0.42587 0.58152 0.36837 0.25883 0 0.54618 0.68047 0.30411 0.66858 0.29692 0.46521 0.5739 0.67296 0.57909 0.44142 0.65084 0.58774 0.6164 0.40126 0 0.5343 0.56225 0 0 0.36511 0 0.56915 0.5978 0.63886 0.62385 0.60897 0.56045 0.58743 0 0
0.96248 0.88727 0 0.86823 0 0 0.87015 0 0 0 0 0 0 0.87132 0 0 0 0 0 0 0.84135 0.92909 0 0 0.81876 0 0.71785 0 0.82428 0 0.82663 0 0.7813 0.75846 0 0.80892 0.77643 0 0 0 0 0.37439 0 0.37918 0.54896 0.43622 0.61682 0.33641 0.70559 0.33761 0.32182 0 0.59037 0.53398 0.35504 0.78546 0 0.5896 0.64306 0.55124 0.69753 0.36964 0.50925 0.48933 0.697 0.29793 0.43349 0.44673 0.59458 0.45832 0 0.35746 0 0.41074 0.48002 0 0.49833 0.4858 0.5376 0.56533 0.5905 0.57018
0.99911 0.90405 0 0.96721 1 0.94439 0.86389 0 0 0.83356 0 0 0 0.92152 1 0 0.88715 0.96087 0 0.9448 0.84353 0 0 0.95059 0.81865 0 0 0.77556 0 0 0 0 0 0 0 0 0 0 0.84472 0 0 0.44142 0.36964 0.49656 0.67974 0.56476 0.72851 0.25126 0.82621 0.21838 0.36237 0 0.70009 0.33064 0.46908 0.91158 0.38146 0.71496 0.75194 0.33718 0.82356 0 0.33453 0.29536 0.80813 0.38567 0 0.36915 0.67432 0.54062 0 0.43034 0 0.40479 0.41003 0.82213 0.42759 0.46368 0 0.63219 0 0
0 0 0 0 0 0 0 0 0 0 0 0 0 0 0 0 0 0 0 0 0 0 0 0 0 0 0 0 0 0 0 0 0 0 0 0 0 0 0 0 0 0 0 0 0 0 0 0.35281 0 0 0 0 0 0 0 0 0 0 0 0.27691 0 0 0.29661 0 0 0 0 0.40814 0 0 0 0 0 0.44181 0.43461 0 0 0.4989 0 0 0 0
0 0 0 0 0 0 0 0 0 0 0 0 1 0 0 0 0 0 1 0 0 1 0 0 0 0 0.83914 0 0 0 0 0 0.90271 0.87903 0 0.92251 0.89927 0 0 0 0 0.67296 0.55124 0.69627 0 0 0 0.40639 1 0.42559 0.55427 0 0.86032 0.28296 0 1 0 0.90135 0.93177 0 1 0.33718 0.26271 0.27691 0.96668 0 0 0.44051 0.82355 0 0 0 0.66887 0.45783 0.42723 0 0.44641 0.50865 0.76465 0.7811 0.79123 0.75247
0 0.96532 0 0 0 0 0.94333 0 0 0 0 0 0 0 0 0 0 0 1 0 0 1 0 0 0 0 0.7924 0 0 0 0 0 0.85346 0.8261 0 0.88147 0.84372 0 0 0 0 0.65084 0.50925 0 0 0 0 0.38304 0.97427 0.40909 0.53091 0 0.81736 0.28049 0 0 0 0.86911 0.87642 0.26271 0.95886 0.33453 0 0.29661 0.92034 0 0 0.41014 0.76144 0 0 0 0.60736 0.39115 0.37964 0 0.37683 0.43615 0.7129 0.72213 0.73337 0.69092
0 0 0 0 0 0 0 0 0 0 0 0 1 0 0 0 0 0 1 0 0 0 0 0 0 0 0 0 0 0 0 0 0 0 0 0 0 0 0 0 0 0.68047 0.53398 0.6989 0 0 0 0.39141 1 0.41555 0.55566 0 0.87958 0 0 0 0 0 0.93507 0.28296 0 0.33064 0.28049 0.29395 0.99003 0 0 0.46786 0 0 0 0 0 0.47662 0.47971 0 0.48037 0.54527 0.77757 0.80813 0 0
0.39051 0.31657 0 0.47129 0.35985 0.51397 0.41971 0.57111 0 0 0 0.38773 0 0.25688 0.63613 0 0.47172 0.50236 0 0.54732 0.43737 0 0 0.52783 0.23209 0 0 0.44419 0 0 0 0 0.40292 0 0 0 0 0.33726 0.42556 0 0 0 0.82663 0 0 0 0 0.84017 0 0 0 0 0 0 0.761 0 0 0 0 0 0 0 0 0 0 0.77817 0 0 0 0.81384 0 0.70189 0 0 0 0 0 0 0 0 0 0
0.43689 0.29101 0.3595 0.54332 0.42061 0.58685 0.37341 0.64623 0.41282 0.46282 0 0.45782 0 0.32458 0.70939 0 0.56109 0.58167 0 0.62849 0.38353 0 0 0.59412 0 0 0.38668 0.48824 0.29517 0.38294 0.23209 0 0.3453 0.40105 0 0.44067 0.41121 0.37804 0.46048 0.47606 0.43812 0.82188 0.81876 0 0 0 0 0.81491 0 0 0 0 0 0 0.75662 0 0 0 0 0 0 0.81865 0 0 0 0.75758 0 0 0 0.81602 0 0.69326 0 0 0 0 0 0 0 0 0 0
0.28024 0.36799 0 0.35944 0.2309 0.38819 0.52041 0.49306 0.54839 0.41609 0.34589 0 0.7164 0.25594 0.55488 0.3073 0.36674 0.47963 0.72191 0.48187 0.52742 0.6937 0.6889 0.4936 0 0 0 0.4922 0 0 0 0 0.56983 0 0 0 0 0 0.49556 0 0 0 0 0 0 0 0 0 0 0 0 0 0 0 0 0 0 0 0 0 0 0 0 0 0 0 0 0 0 0 0 0 0 0 0 0 0 0 0 0 0 0
0.62541 0.58079 0.4922 0.47745 0.50798 0.46217 0.68867 0.41893 0.73121 0.62475 0.36499 0.35032 0 0.45167 0.44792 0 0.41435 0.37137 0 0.37076 0.69091 0.77612 0 0.34492 0 0 0.49656 0 0.46164 0.45454 0 0.37995 0.55183 0.56319 0 0.57944 0.52766 0.33108 0.29794 0.29207 0.34047 0.68948 0 0 0.52482 0.60116 0.48191 0 0.5276 0 0.63531 0 0.54201 0 0.59157 0.55902 0 0.40233 0.52258 0 0.46786 0.77556 0 0 0.50109 0 0 0.63699 0.38548 0 0 0 0.55811 0.68192 0.68803 0 0.71152 0.64049 0 0.49526 0.50067 0.52148
0.5852 0.43958 0 0.73143 0.6275 0.76989 0.39671 0.80013 0.45319 0.44566 0.67545 0.61338 0.48463 0.52297 0.85361 0.50135 0.73403 0.71087 0.46168 0.75575 0.39625 0.42059 0.42406 0.69957 0.38668 0.27153 0 0.49656 0 0.39 0.42869 0.43344 0.33277 0.29385 0 0.33986 0.32809 0.46924 0.52639 0.52426 0.47247 0 0.71785 0 0 0 0 0.72041 0.86345 0 0.62749 0 0.78528 0.85656 0.67934 0 0 0 0.79322 0.83914 0 0 0.7924 0 0.78993 0 0.56502 0.61406 0.61886 0 0 0 0.63054 0.65597 0.64415 0 0.67685 0.62232 0.69279 0.64969 0.66191 0.64824
0.52227 0.4439 0 0.71643 0.61395 0.74266 0.4051 0.76143 0.4485 0.35076 0 0 0 0.52488 0.80569 0 0.69568 0.68271 0 0.70574 0.38876 0 0 0.65764 0.37783 0 0.27153 0.45676 0 0 0.43073 0 0.33497 0.3025 0 0.35343 0.33185 0 0.49511 0 0 0 0 0 0 0 0 0 0 0 0 0 0 0 0 0 0 0 0 0 0 0 0 0 0 0 0 0.4622 0 0 0 0 0 0.52768 0.51328 0 0.5401 0.48845 0 0 0 0
0.52949 0.59944 0.36674 0.26865 0.35781 0.24096 0.73836 0.30015 0.76569 0.67209 0 0.37145 0 0.39489 0.33535 0.51626 0 0.36107 0 0.30513 0.75703 0 0 0.37269 0.56109 0 0.73403 0.41435 0 0 0 0 0 0 0 0 0 0 0.4945 0 0.58287 0.65768 0 0 0.44606 0 0.39279 0 0 0 0.6744 0 0 0 0.57083 0.51403 0 0 0 0 0.42973 0.88715 0 0 0 0 0 0 0.45891 0 0 0 0 0 0 0 0 0 0 0 0 0
0.58216 0.50238 0.44579 0.51677 0 0.5355 0.60719 0.50758 0.66175 0.61291 0 0.288 0 0.38011 0.56693 0 0 0.38253 0.75598 0 0.62623 0.7121 0 0.3934 0.37804 0 0.46924 0 0 0 0.33726 0.27423 0.46842 0.51546 0 0.51308 0.46611 0 0.26425 0.29147 0.27626 0 0 0 0 0 0 0 0 0 0 0 0 0 0 0 0 0 0.65375 0 0 0 0 0 0.62552 0 0 0.70123 0 0 0 0 0 0.74241 0.73936 0 0.76539 0.70427 0 0.58912 0.59525 0.61518
0 0 0 0.25688 0.32476 0.30037 0 0.25526 0 0 0 0.26028 0 0.34003 0.32065 0 0 0.26132 0 0 0 0 0 0.29678 0 0 0 0 0.51247 0.58717 0 0 0.68454 0 0 0 0 0 0.40701 0 0.51052 0 0 0 0 0 0 0 0 0 0 0 0 0 0 0 0 0 0 0 0 0 0 0 0 0 0 0 0 0 0 0 0 0 0 0 0 0 0 0 0 0
0.33631 0 0.3073 0.50736 0.36384 0.55115 0.48328 0.64355 0.50644 0.38589 0 0 0 0.34526 0.70663 0 0.51626 0.61581 0.63884 0.63088 0.47274 0 0 0.63233 0 0 0.50135 0.55387 0 0 0 0 0.51998 0.5429 0 0 0 0 0 0 0 0 0 0 0 0 0 0 0 0 0 0 0 0 0 0 0 0 0 0 0 0 0 0 0 0 0 0 0 0 0 0 0 0 0 0 0 0 0 0 0 0
0.30406 0.39624 0.2309 0.34207 0 0.38714 0.56448 0.4719 0.58149 0.45899 0.32476 0.42194 0 0.27875 0.52706 0.36384 0.35781 0.47506 0 0.47005 0.56857 0 0 0.49471 0.42061 0 0.6275 0.50798 0.51955 0.60029 0 0.54912 0.63585 0.68171 0 0.70696 0.673 0 0.51912 0 0.5861 0.83571 0 0 0.65006 0 0.60107 0 0 0 0.84374 0 0 0 0.7821 0.7376 0 0 0 0 0.6536 1 0 0 0 0 0 0 0.64101 0 0 0 0 0.95573 0 0 0.9733 0 0 0 0 0
0.35306 0.36043 0.25594 0.39447 0.27875 0.43483 0.49361 0.48735 0.52042 0.48225 0.34003 0.36473 0 0 0.56241 0.34526 0.39489 0.46341 0 0.48573 0.50548 0 0 0.48208 0.32458 0 0.52297 0.45167 0.39134 0.48474 0.25688 0 0.51179 0.55336 0 0.58614 0.55485 0.38011 0.44612 0.47467 0.47863 0.82929 0.87132 0 0.67193 0.75518 0.61533 0.9007 0 0 0.78288 0 0 0 0.74947 0.7369 0 0.54416 0.73601 0 0.64752 0.92152 0 0 0.70991 0.82508 0 0.80798 0.60794 0.84335 0 0.74085 0 0.86296 0.84783 0 0.8771 0.81316 0 0.7157 0 0
0 0 0 0.61672 0.54912 0.64067 0 0.63644 0 0.57991 0 0.43604 0 0.44579 0.6829 0 0 0.53682 0 0.59795 0 0 0 0.51471 0.38368 0 0.43344 0.37995 0.34474 0.30247 0 0 0.41402 0.43383 0 0.43309 0.37162 0.27423 0.32888 0.3172 0.2585 0 0 0 0 0 0 0 0 0 0.69379 0 0 0 0 0 0 0 0.72667 0 0.69525 0 0 0 0 0 0 0.66643 0.55302 0.74663 0.68701 0 0.65776 0.72293 0.70552 0 0.7341 0.68289 0 0 0.63761 0.64857
0.61076 0.41638 0 0.74805 0.63585 0.77404 0.39809 0.8241 0.47272 0.49509 0.68454 0.59004 0.49484 0.51179 0.88243 0.51998 0.7402 0.71933 0.47345 0.78457 0.42507 0.41255 0.43734 0.72172 0.3453 0.33497 0.33277 0.55183 0.34967 0.35365 0.40292 0.41402 0 0.28743 0 0.30063 0.31454 0.46842 0.55137 0.5382 0.49364 0 0.7813 0 0.85474 0.84801 0 0.78011 0.92416 0 0.68839 0 0.83891 0.92313 0.74699 0 0 0 0.85568 0.90271 0.87838 0 0.85346 0 0.85377 0.73166 0.6292 0.67077 0.68168 0.79212 0.71154 0.67743 0 0.72142 0.70382 0 0.73745 0.68777 0.75339 0.71533 0 0.71671
0.68237 0.51424 0 0.81079 0.70696 0.85023 0.4689 0.8775 0.53948 0.54157 0 0.6703 0.5257 0.58614 0.93749 0 0 0.79361 0.51461 0 0.48269 0.41694 0.47845 0.77655 0 0.35343 0.33986 0.57944 0.44399 0.37506 0 0.43309 0.30063 0.24414 0 0 0.24222 0.51308 0.57476 0.55648 0.49968 0 0.80892 0 0.89184 0.87069 0 0.80324 0.95668 0 0.70983 0 0.87343 0.94226 0.77512 0 0 0 0.89302 0.92251 0 0 0.88147 0 0 0.75969 0.65198 0.68906 0.70492 0 0 0.70384 0 0.74726 0.72593 0 0.75947 0.70607 0.77732 0.74636 0 0.74455
0.64152 0.46257 0 0.7946 0.68171 0.81438 0.42832 0.86678 0.49978 0.48928 0 0.658 0 0.55336 0 0.5429 0 0.77336 0.49017 0.81357 0.44355 0.4042 0.4474 0.75621 0.40105 0.3025 0.29385 0.56319 0 0.36618 0.45378 0 0.28743 0 0 0.24414 0.22995 0.51546 0.56737 0.55429 0.50431 0 0.75846 0 0 0 0 0.74774 0.92409 0 0.67165 0 0.83393 0 0.72825 0 0 0 0.85248 0.87903 0 0 0.8261 0 0.85278 0 0.60338 0.64254 0.67253 0 0 0 0 0.70401 0.67844 0 0.71213 0.66414 0.7405 0.69958 0 0
0.66332 0.49904 0 0.78026 0.673 0 0.49894 0.83109 0.56561 0.52718 0 0.61766 0.58405 0.55485 0.88626 0.56205 0.75296 0.74559 0.56213 0.773 0.51064 0.47258 0.5292 0.71235 0 0.33185 0.32809 0.52766 0 0.3019 0 0.37162 0.31454 0.22995 0 0.24222 0 0.46611 0.5119 0.49494 0.43782 0 0.77643 0 0 0 0 0.76846 0.90722 0 0.68441 0 0.82842 0.91274 0.73816 0 0 0 0.84229 0.89927 0 0 0.84372 0 0.83639 0 0.6172 0.65486 0.6554 0 0 0 0 0.71282 0.68407 0 0.72633 0.67532 0.73877 0.70384 0 0
0.66336 0.67114 0.4936 0.40422 0.49471 0.42416 0.83123 0.25657 0.86422 0.75608 0.29678 0.32259 0 0.48208 0.27839 0 0.37269 0.26388 0.99095 0.25518 0.83487 0.93722 0 0 0.59412 0.65764 0.69957 0.34492 0.56361 0.61416 0.52783 0 0.72172 0.75621 0 0.77655 0.71235 0.3934 0.34418 0.38069 0.46568 0.78751 0 0 0.57943 0 0.52116 0 0.5732 0 0.7855 0 0.63234 0 0.69366 0.60172 0 0 0.6093 0 0.51711 0.95059 0 0 0.57569 0 0 0.82192 0.49286 0 0 0 0 0.85136 0.8608 0 0.89201 0.81878 0.67443 0.6164 0.62573 0.66197
0.63928 0.57922 0.49556 0.52309 0.51912 0.54313 0.68374 0.46262 0.72985 0.65498 0.40701 0.34734 0 0.44612 0.50562 0 0.4945 0.39337 0.841 0.42517 0.70172 0.77326 0 0.34418 0.46048 0.49511 0.52639 0.29794 0 0.40691 0.42556 0.32888 0.55137 0.56737 0.27881 0.57476 0.5119 0.26425 0 0.21579 0.24481 0.80492 0 0 0.64215 0 0.59671 0 0.63545 0 0.73464 0 0.65291 0 0.70083 0.66517 0 0 0.63411 0 0.58157 0.84472 0 0 0.60716 0 0 0.70312 0.48734 0 0 0 0 0.76247 0.74725 0 0.78254 0.71745 0.63474 0.58847 0.59291 0.61643
0.69142 0.69426 0 0.47086 0 0.48976 0 0.32952 0 0.77036 0 0 0 0 0.3246 0 0.43432 0.32525 0 0.28361 0.83492 0 0 0.22178 0 0 0.68829 0.31984 0 0 0 0 0 0 0 0 0 0 0.27881 0.29981 0.40665 0 0 0 0 0 0 0 0 0 0 0 0 0 0 0 0 0 0.63474 0 0 0 0 0 0 0 0 0 0 0 0 0 0 0 0 0 0 0 0 0 0.63913 0.67011
0.64311 0.68232 0.48187 0.34916 0.47005 0.35382 0.82952 0.22922 0.8607 0.76588 0.26968 0.35227 0 0.48573 0.24053 0 0.30513 0.29234 0 0 0.84028 0.97923 0 0.25518 0 0 0.75575 0.37076 0.61681 0.66743 0 0.59795 0.78457 0.81357 0 0 0.773 0 0.42517 0.44555 0.53579 0.74596 0 0 0.52611 0.62012 0.47057 0 0 0 0.76577 0 0.60449 0 0.65489 0.55615 0 0.3919 0.58161 0 0.47891 0.9448 0 0 0.54097 0 0 0 0.49269 0 0 0 0.71139 0.86864 0 0 0 0 0 0.61074 0.62403 0.66341
0.483 0.56105 0.35944 0 0.34207 0.28957 0.7178 0.33466 0.74442 0.63292 0.25688 0.38882 0 0.39447 0.36506 0.50736 0.26865 0.39275 0 0.34916 0.73773 0 0 0.40422 0.54332 0 0.73143 0.47745 0.60221 0.66592 0.47129 0.61672 0.74805 0.7946 0.47086 0.81079 0.78026 0 0.52309 0 0.61382 0.75899 0.86823 0 0.54876 0.64474 0.48681 0.92393 0 0 0.76998 0 0 0 0.67479 0.60361 0 0.40934 0.63459 0 0.52799 0.96721 0 0 0.60047 0 0 0 0.55888 0 0 0 0 0.93257 0 0 0.97121 0 0 0.67814 0.69753 0.73509
0.66192 0.69291 0.49306 0.33466 0.4719 0.3331 0.85638 0 0.88762 0.78267 0.25526 0.35777 1 0.48735 0.18543 0 0.30015 0.25739 1 0.22922 0.87157 1 0 0.25657 0.64623 0 0.80013 0.41893 0 0 0.57111 0 0.8241 0.86678 0 0.8775 0.83109 0.50758 0.46262 0.51071 0.59428 0 0 0 0 0 0 0 0 0 0 0 0 0 0 0 0 0 0.59704 0 0 0 0 0 0.56315 0 0 0.87679 0.5144 0 0 0 0 0.91152 0.93098 0 0.94853 0.87936 0 0.64175 0.65481 0.6931
0.56658 0.61203 0.38819 0.28957 0.38714 0 0.76851 0.3331 0.79143 0.71515 0.30037 0.42053 0 0.43483 0.37037 0.55115 0.24096 0.41494 0 0.35382 0.77707 0 0 0.42416 0.58685 0 0.76989 0.46217 0 0 0.51397 0.64067 0.77404 0.81438 0 0.85023 0 0 0.54313 0 0.62663 0.71677 0 0 0.51862 0.60356 0.46432 0 0 0 0.73678 0 0 0 0.64176 0.59677 0 0.39359 0.605 0 0.50544 0.94439 0 0 0.58513 0 0 0 0.54115 0 0 0 0 0 0 0 0 0 0 0.67022 0.67922 0.7164
0.71209 0.76223 0.55488 0.36506 0.52706 0.37037 0.91929 0.18543 0.95037 0.84804 0.32065 0.41762 0 0.56241 0 0.70663 0.33535 0.31468 0 0.24053 0.932 1 0 0.27839 0.70939 0 0.85361 0.44792 0 0 0.63613 0.6829 0.88243 0.91575 0 0.93749 0 0.56693 0.50562 0.54167 0.6342 0.80845 0 0 0.58383 0.67042 0.52705 0 0 0 0.82454 0 0 0 0.71767 0.61407 0 0.43792 0.64046 0 0.5338 1 0 0 0.6074 0 0 0 0.55921 0 0 0 0 0 0 0 0 0 0 0.69288 0.7017 0.73997
0.63196 0.65586 0.47963 0.39275 0.47506 0.41494 0.79945 0.25739 0.83471 0.76454 0.26132 0.28117 0.98018 0.46341 0.31468 0 0.36107 0 0.98028 0.29234 0.81787 0.93295 0 0.26388 0.58167 0 0.71087 0.37137 0.5544 0.60467 0.50236 0.53682 0.71933 0.77336 0 0.79361 0.74559 0.38253 0.39337 0.43204 0.50531 0.78876 0 0 0.5783 0 0.51687 0 0.57298 0 0.78695 0 0.63123 0 0.6979 0.60365 0 0 0.61188 0 0.51733 0.96087 0 0 0.57805 0 0 0.83864 0.50237 0 0 0 0.72137 0.86956 0.86679 0.57893 0.90505 0.83943 0.67673 0.62763 0.63758 0.67246
0.36343 0.43615 0.41609 0.63292 0.45899 0.71515 0.4524 0.78267 0.48023 0 0.63857 0.66491 0.59619 0.48225 0.84804 0.38589 0.67209 0.76454 0.57562 0.76588 0.42995 0.57196 0.54234 0.75608 0.46282 0 0.44566 0.62475 0.54823 0 0.48097 0.57991 0.49509 0.48928 0 0.54157 0.52718 0.61291 0.65498 0.65986 0.63539 0.83446 0 0 0.85144 0.85595 0.82118 0 0 0 0.73987 0 0.88156 0 0.78993 0.9648 0 0.75761 0.89379 0 0.87841 0.83356 0 0 0.89643 0 0 0.7248 0.71975 0 0 0 0.76412 0.78996 0.76404 0 0.79744 0.75175 0 0.78415 0.78476 0.78617
0.66393 0.56178 0 0.61382 0.5861 0.62663 0.65204 0.59428 0.70401 0.63539 0.51052 0.42419 0 0.47863 0.6342 0 0.58287 0.50531 0.77987 0.53579 0.66154 0.72259 0 0.46568 0.43812 0 0.47247 0.34047 0.41355 0.35579 0 0.2585 0.49364 0.50431 0 0.49968 0.43782 0.27626 0.24481 0.21919 0 0 0 0 0.72489 0 0.6719 0 0.71193 0 0.73469 0 0.70407 0 0 0.74188 0 0 0.69229 0 0.65194 0 0 0 0.67237 0 0 0.69601 0.53345 0 0 0 0.66457 0.75557 0 0.65017 0.77602 0 0.66557 0.62064 0.63026 0.64633
0 0 0 0 0 0 0 0.51071 0 0.65986 0 0.38982 0 0 0.54167 0 0 0.43204 0.83089 0.44555 0 0.76463 0 0.38069 0 0 0.52426 0.29207 0.45231 0.40925 0 0.3172 0.5382 0.55429 0 0.55648 0.49494 0.29147 0.21579 0 0.21919 0 0 0 0.66789 0 0.61596 0 0.65776 0 0.73092 0 0.66426 0 0 0.68442 0 0 0.65123 0 0.59168 0 0 0 0.62054 0 0 0.71262 0.4944 0 0 0 0.64999 0 0 0.60822 0 0 0.64612 0.59327 0.60068 0.62307
0.56389 0.5449 0.4025 0.38882 0.42194 0.42053 0.69199 0.35777 0.73489 0.66491 0.26028 0 0 0.36473 0.41762 0 0.37145 0.28117 0.85252 0.35227 0.7051 0.81161 0 0.32259 0.45782 0 0.61338 0.35032 0.42179 0.49793 0.38773 0.43604 0.59004 0.658 0 0.6703 0.61766 0.288 0.34734 0.38982 0.42419 0 0 0 0 0 0 0 0 0 0.76322 0 0.6352 0 0 0 0 0 0.61387 0 0.53455 0 0 0 0.5799 0 0 0.77318 0.48797 0 0 0 0 0.82023 0.82483 0 0.84891 0.77514 0 0.60236 0.61548 0.64465
0 0 0 0.66592 0.60029 0.70617 0 0.71386 0 0.55545 0.58717 0.49793 0 0.48474 0.77276 0 0 0.60467 0 0 0 0 0 0.61416 0.38294 0 0.39 0 0.33594 0 0 0.30247 0.35365 0.36618 0 0.37506 0.3019 0.34268 0.40691 0.40925 0.35579 0 0 0 0 0 0 0 0 0 0 0 0 0 0 0 0 0 0 0 0 0 0 0 0 0 0 0 0 0.77367 0.70012 0 0.67877 0.72698 0 0 0 0 0 0 0 0
0.56397 0.42453 0 0.60221 0.51955 0.62314 0.4928 0.64797 0.54909 0.54823 0.51247 0.42179 0 0.39134 0.72013 0 0 0.5544 0 0 0.51804 0 0 0.56361 0.29517 0 0.42765 0.46164 0 0.33594 0 0.34474 0.34967 0.4272 0 0.44399 0.42726 0.32553 0.43565 0.45231 0.41355 0 0.82428 0 0 0 0 0 0 0 0 0 0 0 0.76723 0 0 0 0 0 0 0 0 0 0 0.77606 0 0 0 0.80703 0.75025 0.70804 0.71223 0.76586 0 0 0 0 0 0 0 0
0.5241 0.33801 0.52041 0.7178 0.56448 0.76851 0 0.85638 0.24848 0.4524 0 0.69199 0.31299 0.49361 0.91929 0.48328 0.73836 0.79945 0.35418 0.82952 0.21096 0.3371 0.32625 0.83123 0.37341 0.4051 0.39671 0.68867 0.4928 0 0.41971 0 0.39809 0.42832 0 0.4689 0.49894 0.60719 0.68374 0 0 0.87178 0.87015 0 0.92417 0 0 0.85921 0 0 0 0 0 0 0.82845 0 0 0 0 0 0 0.86389 0.94333 0 0 0.81308 0 0.75973 0 0 0 0.76533 0 0.81686 0.79743 0 0.82404 0.77343 0 0 0 0
0.53289 0.37642 0.54839 0.74442 0.58149 0.79143 0.24848 0.88762 0 0.48023 0 0.73489 0.38077 0.52042 0.95037 0.50644 0.76569 0.83471 0.39953 0.8607 0.2001 0.41204 0.37083 0.86422 0 0 0.45319 0.73121 0 0 0 0 0.47272 0.49978 0 0.53948 0.56561 0.66175 0.72985 0 0 0 0 0 0 0 0 0 0 0 0 0 0 0 0 0 0 0 0 0 0 0 0 0 0 0 0 0 0 0 0 0 0 0 0 0 0 0 0 0 0 0
0 0.389 0.28024 0.483 0.30406 0.56658 0.5241 0.66192 0.53289 0.36343 0 0.56389 0.70168 0.35306 0.71209 0.33631 0.52949 0.63196 0.7039 0.64311 0.51721 0.70461 0.66735 0.66336 0.43689 0 0.5852 0.62541 0 0 0.39051 0 0.61076 0.64152 0.69142 0.68237 0.66332 0.58216 0.63928 0 0 0.92057 0.96248 0 0.79472 0.87117 0.74708 0.98306 0 0 0.8738 0 0 0 0.8675 0.8909 0 0.67923 0.88719 0 0.81623 0.99911 0 0 0.87631 0.92739 0 0 0.76384 0 0 0 0 0 0 0 0 0 0 0.86823 0 0
0.389 0 0.36799 0.56105 0.39624 0.61203 0.33801 0.69291 0.37642 0.43615 0 0.5449 0.52239 0.36043 0.76223 0 0.59944 0.65586 0.51699 0.68232 0.34045 0.5088 0.48018 0.67114 0.29101 0.4439 0.43958 0.58079 0.42453 0 0.31657 0 0.41638 0.46257 0 0.51424 0.49904 0.50238 0.57922 0.58426 0.56178 0.86643 0.88727 0 0.81558 0 0 0.88855 0 0 0 0 0 0 0.81018 0 0 0 0 0 0 0.90405 0.96532 0 0 0.84177 0 0.78736 0 0.88758 0 0.76928 0 0.83479 0.82951 0 0.84803 0.80748 0 0 0 0
0.51721 0.34045 0.52742 0.73773 0.56857 0.77707 0.21096 0.87157 0.2001 0.42995 0 0.7051 0.31185 0.50548 0.932 0.47274 0.75703 0.81787 0.33418 0.84028 0 0.35031 0.30571 0.83487 0.38353 0 0.39625 0.69091 0.51804 0 0.43737 0 0.42507 0.44355 0.83492 0.48269 0.51064 0 0.70172 0 0 0.86708 0.84135 0 0.92186 0.90572 0.91312 0.84053 0 0 0.74972 0 0 0 0.81319 1 0 0.85139 0.96112 0 0.96543 0.84353 0 0 0.96054 0.79509 0 0 0.77708 0 0 0 0 0 0 0 0 0 0 0.8212 0 0
0.66735 0 0 0 0 0 0.32625 0 0.37083 0.54234 0 0 0 0 0 0 0 0 0.26967 0 0.30571 0.29678 0 0 0 0 0.42406 0 0 0 0 0 0.43734 0.4474 0 0 0.5292 0 0 0 0 0 0 0 0 0 0 0 0 0 0 0 0 0 0 0 0 0 0 0 0 0 0 0 0 0 0 0 0 0 0 0 0 0 0 0 0 0 0 0 0 0
0.7039 0.51699 0.72191 0 0 0 0.35418 1 0.39953 0.57562 0 0.85252 0.28497 0 1 0 0.93821 0.98028 0 1 0.33418 0.31217 0.26967 0.99095 0 0 0.46168 0.82566 0 0 0 0 0.47345 0.49017 0 0.51461 0.56213 0.75598 0.841 0.83089 0.77987 0 0 0 0 0 0 0 0 0 0 0 0 1 0 0 0 0 0 1 0 0 1 0 0 0 0 0.85067 0 0 0 0 0 0.91489 0.89007 0 0.92481 0.87735 0 0 0 0
0.70461 0.5088 0 0 0 0 0.3371 1 0.41204 0.57196 0 0.81161 0.29953 0 0 0 0.91458 0.93295 0.31217 0.97923 0.35031 0 0.29678 0.93722 0 0 0.42059 0.77612 0 0 0 0 0.41255 0.4042 0 0.41694 0.47258 0.7121 0.77326 0.76463 0.72259 0 0.92909 0 0 0 0 0.92145 0 0 0 0 0 0 0 0 0 0 0 1 0 0 1 0 0 0 0 0.80751 0 0 0 0 0 0.86522 0.8478 0 0.88291 0.84081 0 0 0 0
0.70168 0.52239 0.7164 0 0 0 0.31299 1 0.38077 0.59619 0 0.87082 0 0 1 0 0 0.98018 0.28497 0 0.31185 0.29953 0.27638 1 0 0 0.48463 0 0 0 0 0 0.49484 0.51042 0 0.5257 0.58405 0.76731 0.84633 0 0 0 0 0 0 0 0 0 0 0 0 0 0 1 0 0 0 0 0 1 0 0 0 0 0 0 0 0 0 0 0 0 0 0 0 0 0 0 0 0 0 0
