0 4.11 0 0 0 0 4.648 0 0 0 0 0 0 3.802 0 0 0 0 0 0 0 0 0 0 4.357 0 0 0 4.213 0 4.049 0 0 0 0 0 0 0 0 0 0 3.023 4.332 0 3.211 4.515 2.945 3.581 4.836 0 0 0 5.944 0 5.796 4.383 0 4.409 5.589 0 4.115 4.149 0 0 5.836 4.615 0 0 5.857 0 0 0 0 5.583 0 0 0 0 5.981 5.894 0 0
3.973 4.152 0 0 0 0 4.483 0 0 0 0 0 0 3.828 0 0 0 0 0 0 3.667 0 0 0 4.188 0 0 0 4.005 0 3.822 0 0 0 0 0 0 0 0 0 0 3.093 4.304 4.913 3.32 4.73 2.872 3.576 4.894 2.459 5.179 0 5.769 0 5.6 4.351 0 4.771 5.466 0 4.096 4.29 0 0 5.749 0 0 4.861 5.622 4.351 4.601 4.615 0 5.434 4.175 0 5.787 5.605 6.046 5.966 5.211 6.016
0 0 0 0 0 0 0 0 0 0 0 0 0 0 0 0 0 0 0 0 0 0 0 0 0 0 0 0 0 0 0 0 0 0 0 0 0 0 0 0 0 3.288 4.688 0 3.668 5.071 2.982 3.881 5.423 2.775 5.2 5.105 0 3.295 6.398 4.281 5.153 4.991 0 4.531 4.427 4.536 4.353 4.446 6.444 0 0 5.459 6.149 0 0 0 0 5.711 5.086 0 0 0 0 6.507 0 0
4.635 0 0 5.307 7.717 3.223 0 7.325 0 4.599 0 6.16 0 4.823 5.737 0 4.298 5.502 0 5.687 4.45 0 0 7.453 0 0 5.877 6.876 0 0 0 5.496 5.911 5.249 0 5.596 7.245 0 7.695 5.859 7.694 3.726 5.458 6.149 4.019 6.192 3.453 4.235 6.334 2.849 6.582 5.72 7.815 0 7.381 5.143 0 5.898 7.051 0 5.233 5.097 5.003 0 7.266 0 0 5.994 0 5.125 5.897 0 6.2379 7.045 5.916 0 7.75 7.137 7.614 7.365 6.668 7.618
0 4.614 0 0 0 0 5.004 5.962 0 3.799 0 5.372 3.863 4.292 0 0 0 4.875 4.33 0 0 5.063 0 6.165 0 5.958 5.12 5.746 0 0 0 4.505 4.756 4.56 0 4.862 6.007 6.371 6.643 5.241 6.455 3.269 4.688 0 3.483 5.095 3.17 3.866 5.334 2.655 5.615 5.075 6.462 3.237 6.038 4.525 5.181 5.065 5.915 4.45 4.523 4.526 4.311 4.411 6.141 4.861 5.34 0 5.994 0 5.106 5.041 5.5045 5.898 4.808 0 6.183 6.242 6.825 6.328 5.542 6.372
0 0 0 0 0 0 0 0 0 0 0 0 0 0 0 0 0 0 0 0 0 0 0 0 0 0 5.302 0 0 0 0 0 5.324 4.537 0 4.931 6.308 0 0 0 0 3.339 4.912 0 3.683 5.476 3.348 3.875 5.531 2.893 5.757 0 0 0 6.576 4.724 0 5.03 5.979 0 4.449 4.634 0 0 6.53 5.087 0 5.34 6.163 0 0 5.262 0 6.207 4.793 0 6.482 6.414 0 6.552 0 0
3.943 0 0 4.224 0 2.797 0 0 0 3.939 0 0 0 4.034 4.967 0 0 0 0 4.918 3.731 0 0 0 0 0 0 5.557 0 0 0 0 0 0 0 0 0 0 0 0 0 3.178 4.136 4.991 3.417 4.797 3.058 3.653 5.017 2.597 5.036 0 0 0 5.615 4.171 0 0 5.712 0 4.234 4.09 0 0 5.819 4.771 0 5.065 5.898 0 0 0 0 0 0 0 0 0 0 5.798 0 0
0 0 0 0 0 0 0 0 0 0 0 0 0 0 0 0 0 5.828 0 0 0 0 0 7.476 0 0 5.9 0 0 0 0 0 5.973 5.451 0 5.875 7.464 0 7.803 6.129 7.827 4.154 5.59 0 4.268 0 3.625 4.577 6.475 2.997 6.477 0 7.605 0 7.867 5.419 0 0 7.153 5.359 5.153 5.363 5.196 0 7.636 6.046 0 6.825 7.614 0 0 5.981 6.6392 7.282 5.629 0 7.404 7.634 0 7.643 6.992 7.913
0 0 0 0 0 0 0 0 0 0 0 0 0 0 0 0 0 0 0 0 0 0 0 0 0 0 0 0 0 0 0 0 0 0 0 0 0 0 0 0 0 0 0 0 0 4.754 0 0 5.073 0 0 0 5.653 0 0 4.27 0 0 5.633 0 0 0 0 0 5.7 0 0 0 0 4.483 4.759 0 0 5.338 0 0 0 0 0 5.931 0 6.112
0 0 0 0 0 0 0 0 0 0 0 0 0 0 0 0 0 0 0 0 0 0 0 0 0 0 0 0 0 0 0 0 0 0 0 0 0 0 0 0 0 3.031 0 5.153 3.463 5.151 3.058 3.442 5.103 2.453 5.168 0 0 0 5.83 4.163 0 4.683 5.614 0 4.438 4.019 0 0 5.649 0 0 5.181 5.858 0 0 0 0 5.616 4.45 0 0 0 0 0 0 0
3.982 0 0 4.335 0 2.929 0 0 0 3.694 0 0 0 3.977 4.751 0 0 0 0 4.799 3.802 0 0 0 0 0 0 5.781 0 0 0 0 4.675 0 0 4.581 0 0 0 0 0 3.177 4.569 5.071 3.339 0 3.172 3.838 5.11 2.583 5.129 4.754 5.927 0 6.251 4.308 0 4.797 5.805 0 3.981 4.206 0 0 6.161 4.73 0 5.095 6.192 4.384 4.898 0 5.3958 5.836 4.564 0 5.953 6.041 0 6.276 0 6.015
4.706 5.173 0 5.099 7.883 3.279 5.788 0 0 4.744 0 0 0 4.903 5.72 0 4.232 5.863 0 5.789 4.383 0 0 7.43 5.572 0 5.762 7.154 5.171 0 4.786 0 5.739 5.172 0 5.552 7.399 0 7.655 0 0 3.915 5.481 6.398 4.151 6.251 3.419 4.272 6.502 2.975 6.426 5.878 7.54 0 0 5.228 0 5.615 7.152 0 5.222 4.987 0 0 7.341 5.6 0 6.038 7.381 5.332 5.826 5.796 0 7.062 5.932 0 7.328 7.636 7.867 7.804 6.871 7.653
0 0 0 0 0 0 0 0 0 3.987 0 0 0 0 0 0 0 5.0924 0 5.1114 0 0 0 0 0 0 4.9679 6.0943 4.5818 4.1283 0 4.6874 5.0821 4.6036 0 4.925 6.0671 0 0 5.1102 6.3954 0 0 0 0 0 0 0 5.3974 0 5.1904 0 6.3664 0 0 4.8173 0 0 6.1986 0 4.5491 0 0 0 6.163 4.8168 0 5.5045 6.2379 4.5956 5.001 0 0 5.997 4.819 0 6.2828 5.9009 6.6392 6.4154 5.749 6.673
0 4.902 0 5.082 7.272 0 5.774 6.894 0 4.586 0 5.748 4.407 4.538 0 0 0 5.203 4.96 5.661 0 5.406 0 6.651 5.151 6.073 5.686 6.521 5.247 4.508 4.481 0 5.403 5.034 0 5.294 6.903 6.949 7.406 0 7.383 3.389 5.215 0 3.888 5.836 3.399 4.162 5.989 2.796 6.054 5.338 7.184 3.644 7.062 4.928 5.616 5.342 6.651 4.851 5.025 5.128 4.589 4.728 6.987 5.434 6.207 5.898 7.045 5.043 5.473 5.583 5.997 0 5.109 0 6.787 6.831 7.282 6.928 6.277 7.218
0 5.171 0 5.091 7.583 0 6.007 7.053 0 4.638 0 6.065 4.62 4.822 0 0 0 5.692 5.053 0 0 5.495 0 0 5.379 6.525 5.526 6.736 0 0 4.873 0 5.825 5.336 0 5.464 6.987 7.321 7.397 0 7.398 3.817 5.385 0 3.938 5.953 3.427 4.408 6.278 3.106 6.29 0 7.22 3.962 7.328 4.961 0 0 6.735 5.099 0 5.311 5.046 4.843 7.298 5.787 6.482 6.183 7.75 5.559 5.932 5.879 6.2828 6.787 5.627 0 0 7.091 7.404 7.176 6.518 7.591
0 3.893 0 0 0 0 4.573 5.362 0 3.506 0 4.579 0 3.816 0 0 0 4.394 3.908 0 0 4.387 0 5.547 0 5.1 4.215 5.075 0 0 0 0 4.383 4.289 0 4.593 5.29 5.483 5.679 0 0 3.093 4.146 0 3.297 4.564 0 3.397 5.15 2.41 4.619 0 5.749 0 5.932 0 4.45 0 5.568 3.907 4.254 4.084 3.772 3.862 5.317 4.175 4.793 4.808 5.916 0 4.54 4.643 0 5.109 0 0 5.627 5.541 5.629 5.575 5.096 6.03
0 5.052 0 0 0 0 5.792 6.925 0 4.525 0 5.896 4.74 4.975 0 0 0 5.315 5.16 0 0 5.534 0 6.954 0 6.744 5.534 6.698 0 0 0 0 5.76 5.399 0 5.68 7.007 7.142 7.387 0 0 3.634 5.347 0 4.033 6.041 0 4.313 5.835 2.997 6.521 0 7.268 4.1 7.636 5.247 5.604 5.988 6.779 5.198 5.228 5.191 4.896 4.862 7.179 0 6.414 6.242 7.137 0 5.584 0 5.9009 6.831 5.541 0 7.091 0 7.634 7.283 6.31 7.335
4.532 0 0 5.087 0 3.292 0 7.108 0 4.441 0 5.974 0 4.738 5.658 0 0 5.553 0 5.624 4.375 0 0 7.433 0 0 5.748 6.918 0 0 0 0 5.809 5.292 0 5.632 6.95 7.452 7.472 5.973 7.779 4.058 5.328 6.444 4.309 6.161 3.455 4.221 6.193 2.807 6.33 5.7 7.701 3.857 7.341 4.983 0 5.819 6.824 4.903 5.102 5.198 5.133 0 0 5.749 6.53 6.141 7.266 4.994 5.869 5.836 0 6.987 5.317 0 7.298 7.179 7.636 7.389 6.332 7.545
4.968 0 0 5.201 0 3.271 0 7.385 0 4.616 0 5.855 0 4.766 5.658 0 0 5.681 0 5.867 4.467 0 0 7.381 0 0 5.718 6.89 0 0 0 0 5.676 5.241 0 5.648 7.291 7.471 7.719 6.073 7.78 3.767 5.328 6.507 4.057 6.276 3.578 4.392 6.165 2.737 6.668 5.931 7.602 4.017 7.804 5.259 0 5.798 6.976 5.252 5.285 5.402 4.983 0 7.389 5.966 6.552 6.328 7.365 0 6.137 5.894 6.4154 6.928 5.575 6.978 7.176 7.283 7.643 0 6.796 7.673
0 0 0 0 0 0 0 0 0 0 0 0 0 0 0 0 0 5.493 0 0 0 0 0 0 0 0 0 0 0 0 0 0 0 0 0 0 0 0 0 5.695 7.161 0 0 0 3.906 0 3.399 0 5.854 0 6.082 0 0 0 0 5.171 0 5.376 6.562 0 4.748 0 0 0 6.468 0 0 6.151 6.795 0 0 0 0 0 0 0 0 0 0 6.978 6.102 7.197
3.503 0 0 3.8 5.474 2.389 0 0 0 3.216 0 4.087 0 3.434 4.043 0 3.15 4.072 0 4.047 3.266 0 0 4.989 0 0 0 4.926 0 0 0 3.864 4.078 0 0 0 0 0 5.47 4.205 5.448 2.806 3.797 4.427 2.868 3.981 2.704 3.286 4.333 2.261 4.505 4.033 5.25 0 5.222 3.679 0 4.234 5.011 0 0 3.681 3.625 0 5.102 0 0 4.523 5.233 3.783 4.161 0 4.5491 5.025 4.254 0 0 5.228 5.153 5.285 4.558 5.121
2.773 3.111 0 3.123 4.107 2.216 3.511 0 0 2.807 0 0 0 2.937 3.346 0 2.713 3.443 0 3.445 2.636 0 0 3.866 0 0 0 3.795 0 0 0 0 3.477 0 0 3.321 0 0 3.987 3.598 4.092 2.287 3.087 3.668 0 3.339 2.105 2.715 3.556 2.009 3.599 3.378 3.773 0 4.151 3.135 0 3.417 3.844 0 2.868 3.017 0 0 4.309 3.32 0 3.483 4.019 3.186 3.382 3.211 3.67 3.888 3.297 3.906 3.938 4.033 0 4.057 0 4.233
0 0 0 0 0 0 0 0 0 0 0 0 0 0 0 0 0 4.83 0 0 0 0 0 6.162 0 0 5.07 5.954 0 0 0 0 5.09 4.489 0 5.041 6.109 0 6.307 5.162 6.15 3.337 4.655 5.423 3.556 5.11 3.324 3.789 0 2.771 5.636 0 6.247 3.522 6.502 4.697 0 5.017 5.982 4.51 4.333 4.548 4.289 0 6.193 4.894 0 5.334 6.334 0 0 4.836 0 5.989 5.15 0 6.278 5.835 6.475 6.165 5.694 6.771
2.687 0 0 2.848 3.814 2.067 0 0 0 2.467 0 0 0 2.724 2.942 0 2.542 2.876 0 3.095 2.505 0 0 3.572 0 0 0 3.184 0 0 0 0 0 0 0 0 0 0 3.667 3.146 3.714 2.162 2.775 2.982 2.105 3.172 0 2.481 3.324 1.853 3.156 3.044 3.709 0 3.419 2.71 0 3.058 3.454 0 2.704 2.781 0 0 3.455 2.872 0 3.17 3.453 0 0 2.945 3.1553 3.399 2.841 0 3.427 0 0 3.578 0 3.724
3.679 0 0 4 5.663 2.646 0 0 0 3.587 0 0 0 3.734 4.406 0 3.313 4.034 0 4.392 3.386 0 0 5.252 0 0 0 4.873 0 0 0 0 0 0 0 0 0 0 5.458 4.609 5.436 2.797 4.1 4.281 3.135 4.308 2.71 3.294 4.697 2.498 4.455 4.27 5.329 0 5.228 0 0 4.171 5.154 0 3.679 3.854 3.71 0 4.983 4.351 0 4.525 5.143 0 0 4.383 4.8173 4.928 4.228 0 4.961 0 5.419 5.259 5.049 5.552
4.522 0 0 4.874 0 3.185 0 6.854 0 4.245 0 5.966 0 4.763 5.347 0 0 5.398 0 5.635 4.402 0 0 6.854 0 0 5.46 6.344 0 0 0 4.96 5.809 5.18 5.885 5.448 6.608 7.087 7.015 5.793 7.142 3.648 5.176 5.995 3.844 5.805 3.454 4.268 5.982 2.761 5.996 5.633 6.933 3.645 7.152 5.154 0 5.712 0 4.839 5.011 5.053 4.741 0 6.824 5.466 0 5.915 7.051 5.374 5.591 5.589 6.1986 6.651 5.568 0 6.735 6.779 7.153 6.976 6.108 7.394
4.178 0 0 4.53 6.808 2.983 0 0 0 4.13 0 5.221 0 4.377 4.971 0 3.894 5.035 0 5.223 3.663 0 0 6.382 0 0 5.288 6.136 0 0 0 4.926 5.233 4.715 0 4.85 6.263 0 6.749 5.271 6.512 3.34 4.666 5.2 3.599 5.129 3.156 3.869 5.636 2.62 0 5.135 6.37 3.553 6.426 4.455 5.168 5.036 5.996 4.402 4.505 4.599 4.44 4.224 6.33 5.179 0 5.615 6.582 4.353 0 5.254 5.1904 6.054 4.619 0 6.29 6.521 6.477 6.668 5.777 6.894
0 0 0 5.527 0 3.62 0 7.367 0 5.003 0 6.065 0 0 5.984 0 0 5.927 0 6.076 0 0 0 7.344 0 0 6.044 7.387 0 0 0 5.736 6.013 0 6.301 6.006 0 7.735 7.911 6.39 7.998 4.348 5.623 0 4.233 0 3.724 4.514 6.771 3.038 6.894 6.112 7.812 0 7.653 5.552 0 0 7.394 5.38 5.121 5.256 5.314 0 7.545 6.016 0 6.372 7.618 5.587 6.246 0 6.673 7.218 6.03 0 7.591 7.335 7.913 7.673 6.96 0
0 0 0 4.972 0 3.201 0 6.553 0 4.165 0 5.695 0 0 5.496 0 0 5.177 0 5.51 0 0 0 6.602 0 0 5.327 6.366 0 0 0 5.114 0 0 5.723 0 0 6.749 6.908 5.556 6.647 0 0 0 0 0 0 0 5.694 0 5.777 0 6.71 0 0 5.049 0 0 6.108 4.676 4.558 0 4.468 0 6.332 0 0 5.542 6.668 4.874 5.428 0 5.749 6.277 5.096 0 6.518 6.31 6.992 6.796 0 6.96
0 0 0 0 0 0 0 0 0 4.719 0 6.235 0 0 0 0 0 5.676 0 6.011 0 0 0 7.58 0 0 5.744 6.999 0 0 0 0 5.931 5.639 0 5.387 7.018 0 7.763 6.069 7.588 4.134 5.487 0 3.773 5.927 3.709 4.374 6.247 2.819 6.37 5.653 0 0 7.54 5.329 0 0 6.933 5.072 5.25 5.321 5.024 0 7.701 5.769 0 6.462 7.815 5.384 5.786 5.944 6.3664 7.184 5.749 0 7.22 7.268 7.605 7.602 6.71 7.812
0 0 0 0 0 0 0 0 0 0 0 0 0 0 0 0 0 0 0 0 0 0 0 0 0 0 0 0 4.446 4.116 0 4.52 4.857 0 0 0 0 0 0 0 0 0 0 0 0 0 0 0 5.083 0 5.058 4.759 5.786 0 0 4.193 0 0 5.591 0 0 0 0 0 5.869 4.601 0 5.106 0 4.46 0 0 5.001 5.473 4.54 0 5.932 5.584 6.131 6.137 5.428 6.246
0 3.987 0 0 0 0 0 0 0 0 0 0 0 3.742 0 0 0 0 0 0 0 0 0 0 4.23 0 0 0 3.94 3.708 3.655 4.206 4.406 0 0 0 0 0 0 0 0 2.949 4.071 0 3.186 4.384 2.789 3.519 4.742 2.405 4.353 4.483 5.384 0 5.332 4.008 0 0 5.374 0 0 3.909 0 0 4.994 4.351 0 4.689 5.125 0 4.46 4.435 4.5956 5.043 4.131 0 5.559 5.59 5.661 5.49 4.874 5.587
3.073 3.336 0 3.308 0 0 3.584 0 0 0 0 0 0 3.114 0 0 0 0 0 0 2.849 3.482 0 0 3.371 0 3.513 0 0 0 3.129 0 3.573 3.428 0 3.689 4.257 0 0 0 0 2.488 3.353 3.881 2.715 3.838 2.481 0 3.789 2.384 3.869 0 4.374 2.792 4.272 3.294 3.442 3.653 4.268 3.362 3.286 3.345 3.173 3.07 4.221 3.576 3.875 3.866 4.235 3.519 0 3.581 0 4.162 3.397 0 4.408 4.313 4.577 4.392 3.994 4.514
0 0 0 0 0 0 0 0 0 0 0 0 0 0 0 0 0 0 0 0 0 0 0 0 0 0 0 0 0 0 0 0 0 0 0 0 0 0 0 0 0 1.94 2.363 2.775 2.009 2.583 1.853 2.384 2.771 0 2.62 0 2.819 2.092 2.975 2.498 2.453 2.597 2.761 2.413 2.261 2.344 2.409 2.328 2.807 0 0 2.655 2.849 0 0 0 0 2.796 2.41 0 3.106 2.997 2.997 2.737 0 0
2.654 2.879 0 2.731 4.003 2.041 3.292 0 0 2.566 0 0 0 2.523 2.956 0 2.387 3.219 0 3.003 2.597 0 0 3.959 2.79 0 0 3.469 0 0 0 0 0 0 0 0 0 0 4.007 0 0 0 2.897 3.288 2.287 3.177 2.162 2.488 3.337 1.94 3.34 0 4.134 2.221 3.915 2.797 3.031 3.178 3.648 2.817 2.806 2.943 2.777 2.635 4.058 3.093 0 3.269 3.726 0 0 3.023 0 3.389 3.093 3.494 3.817 3.634 4.154 3.767 0 0
3.636 3.823 0 3.948 0 0 4.519 0 0 0 0 0 0 3.549 0 0 0 0 0 0 3.354 4.162 0 0 3.952 0 4.357 0 3.987 0 3.616 0 4.378 3.987 0 4.318 5.292 0 0 0 0 2.897 0 4.688 3.087 4.569 2.775 3.353 4.655 2.363 4.666 0 5.487 3.174 5.481 4.1 0 4.136 5.176 3.768 3.797 3.91 3.851 3.882 5.328 4.304 4.912 4.688 5.458 4.071 0 4.332 0 5.215 4.146 0 5.385 5.347 5.59 5.328 4.765 5.623
3.354 3.906 0 3.78 5.421 2.705 4.226 0 0 3.306 0 0 0 3.513 4.199 0 3.409 4.134 0 4.15 3.393 0 0 5.186 4.192 0 0 5.068 0 0 0 0 0 0 0 0 0 0 5.436 0 0 2.943 3.91 4.536 3.017 4.206 2.781 3.345 4.548 2.344 4.599 0 5.321 3.067 4.987 3.854 4.019 4.09 5.053 3.893 3.681 0 3.652 3.448 5.198 4.29 0 4.526 5.097 3.909 0 4.149 0 5.128 4.084 4.672 5.311 5.191 0 5.402 0 0
0 0 0 0 0 0 0 0 0 0 0 0 0 0 0 0 0 0 0 0 0 0 0 0 0 0 0 0 0 0 0 0 0 0 0 0 0 0 0 0 0 0 0 0 0 0 0 3.07 0 0 0 0 0 0 0 0 0 0 0 3.744 0 0 3.488 0 0 0 0 4.411 0 0 0 0 0 4.728 3.862 0 0 4.862 0 0 0 0
0 0 0 0 0 0 0 0 0 0 0 0 3.563 0 0 0 0 0 3.816 0 0 4.06 0 0 0 0 4.247 0 0 0 0 0 4.443 3.865 0 4.107 5.034 0 0 0 0 2.817 3.768 4.531 0 0 0 3.362 4.51 2.413 4.402 0 5.072 3.141 0 3.918 0 4.262 4.839 0 3.79 3.893 3.694 3.744 4.903 0 0 4.45 5.19 0 0 0 4.603 4.851 3.907 0 5.099 5.198 5.359 5.252 4.676 5.38
0 3.782 0 0 0 0 4.223 0 0 0 0 0 0 0 0 0 0 0 3.533 0 0 4.112 0 0 0 0 3.996 0 0 0 0 0 4.355 3.683 0 4.207 4.942 0 0 0 0 2.777 3.851 0 0 0 0 3.173 4.289 2.409 4.44 0 5.024 2.82 0 0 0 4.243 4.741 3.694 3.625 3.652 0 3.488 5.133 0 0 4.311 5.003 0 0 0 4.242 4.589 3.772 0 5.046 4.896 5.196 4.983 4.468 5.314
3.347 3.497 0 3.576 4.946 2.479 4.025 4.543 0 0 0 3.957 0 3.415 3.778 0 2.991 3.696 0 3.827 3.058 0 0 4.619 3.612 0 0 4.419 0 0 0 0 3.782 0 0 0 0 4.714 4.776 0 0 0 3.616 0 0 0 0 3.129 0 0 0 0 0 0 4.786 0 0 0 0 0 0 0 0 0 0 3.822 0 0 0 3.655 0 4.049 0 0 0 0 0 0 0 0 0 0
3.509 3.813 4.43 3.94 5.608 2.574 4.484 5.25 3.059 3.312 0 4.441 0 3.59 4.318 0 3.37 4.059 0 4.309 3.378 0 0 5.106 0 0 4.288 4.784 3.742 3.573 3.612 0 4.445 4.121 0 4.263 5.318 5.457 5.63 4.541 5.47 2.79 3.952 0 0 0 0 3.371 0 0 0 0 0 0 5.572 0 0 0 0 0 0 4.192 0 0 0 4.188 0 0 0 4.23 0 4.357 0 0 0 0 0 0 0 0 0 0
3.948 4.184 0 4.228 6.314 2.869 4.729 5.642 3.346 3.591 5.419 0 3.781 3.809 4.732 3.774 3.646 4.869 4.089 4.759 3.709 4.622 4.529 5.698 0 0 0 5.32 0 0 0 0 4.599 0 0 0 0 0 6.061 0 0 0 0 0 0 0 0 0 0 0 0 0 0 0 0 0 0 0 0 0 0 0 0 0 0 0 0 0 0 0 0 0 0 0 0 0 0 0 0 0 0 0
4.394 4.781 5.32 4.79 7.231 3.141 5.488 6.7 3.893 4.387 6.199 5.719 0 4.708 5.119 0 4.182 5.199 0 5.545 4.263 5.332 0 6.614 0 0 5.39 0 4.725 4.439 0 5.152 5.336 4.911 0 5.393 6.557 6.874 7.016 5.846 6.963 3.469 0 0 3.795 5.781 3.184 0 5.954 0 6.136 0 6.999 0 7.154 4.873 0 5.557 6.344 0 4.926 5.068 0 0 6.918 0 0 5.746 6.876 0 0 0 6.0943 6.521 5.075 0 6.736 6.698 0 6.89 6.366 7.387
3.608 4.121 0 4.252 6.192 2.729 4.67 5.504 3.345 3.492 5.314 4.723 3.734 4.115 4.468 3.563 3.549 4.536 3.891 4.366 3.613 4.485 4.579 5.616 4.288 4.718 0 5.39 0 3.921 3.741 4.479 4.658 4.176 0 4.611 5.671 6.04 5.918 4.744 5.936 0 4.357 0 0 0 0 3.513 5.07 0 5.288 0 5.744 3.194 5.762 0 0 0 5.46 4.247 0 0 3.996 0 5.748 0 5.302 5.12 5.877 0 0 0 4.9679 5.686 4.215 0 5.526 5.534 5.9 5.718 5.327 6.044
4.356 4.623 0 4.648 6.866 2.987 5.231 5.947 3.733 3.942 0 0 0 4.606 5.441 0 3.855 5.04 0 5.237 3.749 0 0 6.453 4.934 0 4.718 6.173 0 0 4.253 0 5.265 4.7 0 5.204 6.349 0 6.588 0 0 0 0 0 0 0 0 0 0 0 0 0 0 0 0 0 0 0 0 0 0 0 0 0 0 0 0 5.958 0 0 0 0 0 6.073 5.1 0 6.525 6.744 0 0 0 0
3.082 3.358 3.646 3.291 4.433 2.396 3.584 4.048 2.76 2.67 0 3.751 0 2.987 3.388 3.032 0 3.598 0 3.658 2.966 0 0 4.134 3.37 0 3.549 4.182 0 0 0 0 0 0 0 0 0 0 4.434 0 4.286 2.387 0 0 2.713 0 2.542 0 0 0 3.894 0 0 0 4.232 3.313 0 0 0 0 3.15 3.409 0 0 0 0 0 0 4.298 0 0 0 0 0 0 0 0 0 0 0 0 0
4.637 5.442 5.888 5.389 0 3.425 5.979 7.313 4.407 4.765 0 5.945 0 5.068 5.977 0 0 5.696 5.069 0 4.744 5.626 0 7.234 5.457 0 6.04 0 0 0 4.714 5.432 6.051 5.454 0 5.771 7.324 0 7.656 5.971 7.686 0 0 0 0 0 0 0 0 0 0 0 0 0 0 0 0 0 7.087 0 0 0 0 0 7.452 0 0 6.371 0 0 0 0 0 6.949 5.483 0 7.321 7.142 0 7.471 6.749 7.735
0 0 0 4.901 7.196 3.174 0 6.393 0 0 0 5.63 0 4.692 5.33 0 0 5.293 0 0 0 0 0 6.708 0 0 0 0 4.804 4.267 0 0 5.489 0 0 0 0 0 7.207 0 7.03 0 0 0 0 0 0 0 0 0 0 0 0 0 0 0 0 0 0 0 0 0 0 0 0 0 0 0 0 0 0 0 0 0 0 0 0 0 0 0 0 0
3.029 0 3.774 3.237 4.711 2.468 3.781 4.094 2.707 2.945 0 0 0 3.21 3.682 0 3.032 3.659 3.404 3.612 2.914 0 0 4.212 0 0 3.563 4.224 0 0 0 0 3.403 3.419 0 0 0 0 0 0 0 0 0 0 0 0 0 0 0 0 0 0 0 0 0 0 0 0 0 0 0 0 0 0 0 0 0 0 0 0 0 0 0 0 0 0 0 0 0 0 0 0
5.073 5.607 6.314 5.583 0 3.392 6.328 7.361 4.328 4.956 7.196 6.468 0 5.017 6.08 4.711 4.433 5.961 0 6.16 4.831 0 0 7.708 5.608 0 6.192 7.231 5.287 5.117 0 5.935 6.285 5.627 0 6.017 7.431 0 8.093 0 7.99 4.003 0 0 4.107 0 3.814 0 0 0 6.808 0 0 0 7.883 5.663 0 0 0 0 5.474 5.421 0 0 0 0 0 0 7.717 0 0 0 0 7.272 0 0 7.583 0 0 0 0 0
3.353 3.702 3.809 3.562 5.017 2.606 3.907 4.851 3.1 3.099 4.692 4.155 0 0 3.97 3.21 2.987 3.79 0 4.062 3.11 0 0 4.778 3.59 0 4.115 4.708 3.684 3.534 3.415 0 3.822 3.569 0 3.867 4.686 5.068 5.102 4.475 4.911 2.523 3.549 0 2.937 3.977 2.724 3.114 0 0 4.377 0 0 0 4.903 3.734 0 4.034 4.763 0 3.434 3.513 0 0 4.738 3.828 0 4.292 4.823 3.742 0 3.802 0 4.538 3.816 0 4.822 4.975 0 4.766 0 0
0 0 0 4.16 5.935 2.921 0 5.177 0 3.449 0 4.487 0 3.85 4.512 0 0 4.387 0 4.479 0 0 0 5.226 4.214 0 4.479 5.152 4.041 3.845 0 0 4.472 4.169 0 4.402 5.369 5.432 5.455 4.584 5.633 0 0 0 0 0 0 0 0 0 4.926 0 0 0 0 0 0 0 4.96 0 3.864 0 0 0 0 0 0 4.505 5.496 4.206 4.52 0 4.6874 5.051 3.997 0 5.446 5.325 0 0 5.114 5.736
3.828 4.408 0 4.357 6.285 2.872 4.85 5.924 3.601 3.755 5.489 4.876 3.842 3.822 4.6 3.403 3.572 4.538 4.245 4.629 3.816 4.583 4.605 5.785 4.445 5.265 4.658 5.336 4.182 4.134 3.782 4.472 0 4.298 0 4.756 5.743 6.051 5.654 4.898 5.905 0 4.378 0 3.477 4.675 0 3.573 5.09 0 5.233 0 5.931 3.442 5.739 0 0 0 5.809 4.443 4.078 0 4.355 0 5.809 4.742 5.324 4.756 5.911 4.406 4.857 4.772 0 5.403 4.383 0 5.825 5.76 5.973 5.676 0 6.013
3.648 4.123 0 4.167 6.017 2.913 4.69 5.482 3.401 3.628 0 4.902 3.863 3.867 4.604 0 0 4.679 4.074 0 3.597 4.475 4.364 5.65 0 5.204 4.611 5.393 4.235 3.805 0 4.402 4.756 4.39 0 0 5.502 5.771 5.658 4.822 5.502 0 4.318 0 3.321 4.581 0 3.689 5.041 0 4.85 0 5.387 3.229 5.552 0 0 0 5.448 4.107 0 0 4.207 0 0 4.463 4.931 4.862 5.596 0 0 4.524 0 5.294 4.593 0 5.464 5.68 5.875 5.648 0 6.006
3.514 3.977 0 4.05 5.627 2.567 4.293 5.271 3.468 3.673 0 4.606 0 3.569 0 3.419 0 4.287 3.946 4.247 3.654 4.238 4.131 5.376 4.121 4.7 4.176 4.911 0 3.568 3.635 0 4.298 0 0 4.39 5.163 5.454 5.419 4.419 5.558 0 3.987 0 0 0 0 3.428 4.489 0 4.715 0 5.639 0 5.172 0 0 0 5.18 3.865 0 0 3.683 0 5.292 0 4.537 4.56 5.249 0 0 0 0 5.034 4.289 0 5.336 5.399 5.451 5.241 0 0
4.468 5.033 0 5.158 7.431 0 5.825 6.816 4.179 4.411 0 5.761 4.719 4.686 5.672 4.364 4.209 5.379 5.028 5.701 4.397 5.593 5.301 6.756 0 6.349 5.671 6.557 0 4.725 0 5.369 5.743 5.163 0 5.502 0 7.324 7.375 5.709 7.151 0 5.292 0 0 0 0 4.257 6.109 0 6.263 0 7.018 3.79 7.399 0 0 0 6.608 5.034 0 0 4.942 0 6.95 0 6.308 6.007 7.245 0 0 0 0 6.903 5.29 0 6.987 7.007 7.464 7.291 0 0
4.505 5.289 5.698 5.257 7.708 3.429 5.764 7.11 4.285 4.457 6.708 5.964 0 4.778 5.599 0 4.134 5.513 5.012 5.621 4.272 5.522 0 0 5.106 6.453 5.616 6.614 5.41 4.771 4.619 0 5.785 5.376 0 5.65 6.756 7.234 7.515 5.919 7.259 3.959 0 0 3.866 0 3.572 0 6.162 0 6.382 0 7.58 0 7.43 5.252 0 0 6.854 0 4.989 5.186 0 0 7.433 0 0 6.165 7.453 0 0 0 0 6.651 5.547 0 6.955 6.954 7.476 7.381 6.602 7.344
4.777 5.483 6.061 5.26 8.093 3.245 6.024 7.383 4.22 5.038 7.207 6.156 0 5.102 5.818 0 4.434 5.681 5.045 5.727 4.531 5.835 0 7.515 5.63 6.588 5.918 7.016 0 4.591 4.776 5.455 5.654 5.419 5.986 5.658 7.375 7.656 0 6.091 7.851 4.007 0 0 3.987 0 3.667 0 6.307 0 6.749 0 7.763 0 7.655 5.458 0 0 7.015 0 5.47 5.436 0 0 7.472 0 0 6.643 7.695 0 0 0 0 7.406 5.679 0 7.397 7.387 7.803 7.719 6.908 7.911
4.082 4.402 0 4.305 0 3.061 0 5.796 0 3.724 0 0 0 0 4.991 0 3.949 4.717 0 4.836 3.649 0 0 5.796 0 0 4.709 5.45 0 0 0 0 0 0 0 0 0 0 5.986 4.981 5.962 0 0 0 0 0 0 0 0 0 0 0 0 0 0 0 0 0 5.885 0 0 0 0 0 0 0 0 0 0 0 0 0 0 0 0 0 0 0 0 0 5.723 6.301
3.876 4.276 4.759 4.418 6.16 2.909 5.014 5.57 3.55 3.538 5.315 5.032 0 4.062 4.712 0 3.658 4.649 0 0 3.786 4.545 0 5.621 0 0 4.366 5.545 4.152 3.972 0 4.479 4.629 4.247 0 0 5.701 0 5.727 4.847 5.725 3.003 0 0 3.445 4.799 3.095 0 0 0 5.223 0 6.011 0 5.789 4.392 0 4.918 5.635 0 4.047 4.15 0 0 5.624 0 0 0 5.687 0 0 0 5.1114 5.661 0 0 0 0 0 5.867 5.51 6.076
3.514 3.91 4.228 0 5.583 2.801 4.472 5.205 3.22 3.469 4.901 4.399 0 3.562 4.267 3.237 3.291 4.125 0 4.418 3.255 0 0 5.257 3.94 0 4.252 4.79 3.812 3.708 3.576 4.16 4.357 4.05 4.305 4.167 5.158 0 5.26 0 5.532 2.731 3.948 0 3.123 4.335 2.848 3.308 0 0 4.53 0 0 0 5.099 4 0 4.224 4.874 0 3.8 3.78 0 0 5.087 0 0 0 5.307 0 0 0 0 5.082 0 0 5.091 0 0 5.201 4.972 5.527
4.481 4.985 5.642 5.205 7.361 3.23 5.609 0 4.203 4.332 6.393 5.842 4.597 4.851 5.706 0 4.048 5.365 4.809 5.57 4.28 5.54 0 7.11 5.25 0 5.504 6.7 0 0 4.543 0 5.924 5.271 0 5.482 6.816 7.313 7.383 5.815 7.369 0 0 0 0 0 0 0 0 0 0 0 0 0 0 0 0 0 6.854 0 0 0 0 0 7.108 0 0 5.962 7.325 0 0 0 0 6.894 5.362 0 7.053 6.925 0 7.385 6.553 7.367
2.45 2.646 2.869 2.801 3.392 0 3.025 3.23 2.506 2.271 3.174 2.935 0 2.606 2.924 2.468 2.396 2.932 0 2.909 2.416 0 0 3.429 2.574 0 2.729 3.141 0 0 2.479 2.921 2.872 2.567 0 2.913 0 0 3.245 0 3.419 2.041 0 0 2.216 2.929 2.067 0 0 0 2.983 0 0 0 3.279 2.646 0 2.797 3.185 0 2.389 2.705 0 0 3.292 0 0 0 3.223 0 0 0 0 0 0 0 0 0 0 3.271 3.201 3.62
3.949 4.354 4.732 4.267 6.08 2.924 4.63 5.706 3.425 3.752 5.33 4.837 0 3.97 0 3.682 3.388 4.676 0 4.712 3.659 4.661 0 5.599 4.318 0 4.468 5.119 0 0 3.778 4.512 4.6 4.474 0 4.604 0 5.977 5.818 4.856 5.863 2.956 0 0 3.346 4.751 2.942 0 0 0 4.971 0 0 0 5.72 4.406 0 4.967 5.347 0 4.043 4.199 0 0 5.658 0 0 0 5.737 0 0 0 0 0 0 0 0 0 0 5.658 5.496 5.984
3.681 4.055 4.869 4.125 5.961 2.932 4.755 5.365 3.385 3.526 5.293 4.817 3.774 3.79 4.676 0 3.598 0 4.091 4.649 3.461 4.666 0 5.513 4.059 0 4.536 5.199 4.157 3.81 3.696 4.387 4.538 4.287 0 4.679 5.379 5.696 5.681 4.848 5.958 3.219 0 0 3.443 0 2.876 0 4.83 0 5.035 0 5.676 0 5.863 4.034 0 0 5.398 0 4.072 4.134 0 0 5.553 0 0 4.875 5.502 0 0 0 5.0924 5.203 4.394 5.493 5.692 5.315 5.828 5.681 5.177 5.927
3.071 3.203 3.591 3.469 4.956 2.271 3.455 4.332 2.717 0 4.351 3.74 3.021 3.099 3.752 2.945 2.67 3.526 3.301 3.538 3.029 3.796 3.57 4.457 3.312 0 3.492 4.387 3.267 0 3.146 3.449 3.755 3.673 0 3.628 4.411 4.765 5.038 3.951 4.841 2.566 0 0 2.807 3.694 2.467 0 0 0 4.13 0 4.719 0 4.744 3.587 0 3.939 4.245 0 3.216 3.306 0 0 4.441 0 0 3.799 4.599 0 0 0 3.987 4.586 3.506 0 4.638 4.525 0 4.616 4.165 5.003
5.032 5.349 0 5.532 7.99 3.419 6.112 7.369 4.408 4.841 7.03 6.332 0 4.911 5.863 0 4.286 5.958 4.996 5.725 4.479 5.627 0 7.259 5.47 0 5.936 6.963 5.283 4.693 0 5.633 5.905 5.558 0 5.502 7.151 7.686 7.851 6.123 0 0 0 0 4.092 0 3.714 0 6.15 0 6.512 0 7.588 0 0 5.436 0 0 7.142 0 5.448 0 0 0 7.779 0 0 6.455 7.694 0 0 0 6.3954 7.383 0 7.161 7.398 0 7.827 7.78 6.647 7.998
0 0 0 0 0 0 0 5.815 0 3.951 0 5.034 0 0 4.856 0 0 4.848 4.248 4.847 0 4.585 0 5.919 0 0 4.744 5.846 4.273 4.133 0 4.584 4.898 4.419 0 4.822 5.709 5.971 6.091 0 6.123 0 0 0 3.598 0 3.146 0 5.162 0 5.271 0 6.069 0 0 4.609 0 0 5.793 0 4.205 0 0 0 5.973 0 0 5.241 5.859 0 0 0 5.1102 0 0 5.695 0 0 6.129 6.073 5.556 6.39
4.096 4.518 4.966 4.399 6.468 2.935 5.153 5.842 3.577 3.74 5.63 0 0 4.155 4.837 0 3.751 4.817 4.287 5.032 3.896 4.826 0 5.964 4.441 0 4.723 5.719 4.336 4.255 3.957 4.487 4.876 4.606 0 4.902 5.761 5.945 6.156 5.034 6.332 0 0 0 0 0 0 0 0 0 5.221 0 6.235 0 0 0 0 0 5.966 0 4.087 0 0 0 5.974 0 0 5.372 6.16 0 0 0 0 5.748 4.579 0 6.065 5.896 0 5.855 5.695 6.065
0 0 0 3.708 5.117 2.547 0 4.492 0 3.225 4.267 4.255 0 3.534 4.099 0 0 3.81 0 0 0 0 0 4.771 3.573 0 3.921 0 3.519 0 0 3.845 4.134 3.568 0 3.805 4.725 4.739 4.591 4.133 4.693 0 0 0 0 0 0 0 0 0 0 0 0 0 0 0 0 0 0 0 0 0 0 0 0 0 0 0 0 3.708 4.116 0 4.1283 4.508 0 0 0 0 0 0 0 0
3.526 3.784 0 3.812 5.287 2.767 4.145 5.027 3.179 3.267 4.804 4.336 0 3.684 4.15 0 0 4.157 0 0 3.201 0 0 5.41 3.742 0 4.057 4.725 0 3.519 0 4.041 4.182 3.939 0 4.235 4.837 5.182 5.126 4.273 5.283 0 3.987 0 0 0 0 0 0 0 0 0 0 0 5.171 0 0 0 0 0 0 0 0 0 0 4.005 0 0 0 3.94 4.446 4.213 4.5818 5.247 0 0 0 0 0 0 0 0
4.03 4.169 4.729 4.472 6.328 3.025 0 5.609 3.511 3.455 0 5.153 3.812 3.907 4.63 3.781 3.584 4.755 4.095 5.014 3.766 4.874 4.73 5.764 4.484 5.231 4.67 5.488 4.145 0 4.025 0 4.85 4.293 0 4.69 5.825 5.979 6.024 0 0 3.292 4.519 0 3.511 0 0 3.584 0 0 0 0 0 0 5.788 0 0 0 0 0 0 4.226 4.223 0 0 4.483 0 5.004 0 0 0 4.648 0 5.774 4.573 0 6.007 5.792 0 0 0 0
2.865 3.134 3.346 3.22 4.328 2.506 3.511 4.203 0 2.717 0 3.577 2.96 3.1 3.425 2.707 2.76 3.385 3.163 3.55 2.888 3.474 3.226 4.285 0 0 3.345 3.893 0 0 0 0 3.601 3.468 0 3.401 4.179 4.407 4.22 0 0 0 0 0 0 0 0 0 0 0 0 0 0 0 0 0 0 0 0 0 0 0 0 0 0 0 0 0 0 0 0 0 0 0 0 0 0 0 0 0 0 0
0 3.532 3.948 3.514 5.073 2.45 4.03 4.481 2.865 3.071 0 4.096 3.212 3.353 3.949 3.029 3.082 3.681 3.398 3.876 2.999 3.728 3.772 4.505 3.509 0 3.608 4.394 0 0 3.347 0 3.828 3.514 4.082 3.648 4.468 4.637 4.777 0 0 2.654 3.636 0 2.773 3.982 2.687 3.073 0 0 4.178 0 0 0 4.706 3.679 0 3.943 4.522 0 3.503 3.354 0 0 4.532 3.973 0 0 4.635 0 0 0 0 0 0 0 0 0 0 4.968 0 0
3.532 0 4.184 3.91 5.607 2.646 4.169 4.985 3.134 3.203 0 4.518 3.368 3.702 4.354 0 3.358 4.055 3.943 4.276 3.496 4.213 4.158 5.289 3.813 4.623 4.121 4.781 3.784 0 3.497 0 4.408 3.977 0 4.123 5.033 5.442 5.483 4.436 5.349 2.879 3.823 0 3.111 0 0 3.336 0 0 0 0 0 0 5.173 0 0 0 0 0 0 3.906 3.782 0 0 4.152 0 4.614 0 3.987 0 4.11 0 4.902 3.893 0 5.171 5.052 0 0 0 0
2.999 3.496 3.709 3.255 4.831 2.416 3.766 4.28 2.888 3.029 0 3.896 3.004 3.11 3.659 2.914 2.966 3.461 3.262 3.786 0 3.601 3.448 4.272 3.378 0 3.613 4.263 3.201 0 3.058 0 3.816 3.654 3.649 3.597 4.397 0 4.531 0 0 2.597 3.354 0 2.636 3.802 2.505 2.849 0 0 3.663 0 0 0 4.383 3.386 0 3.731 4.402 0 3.266 3.393 0 0 4.375 3.667 0 0 4.45 0 0 0 0 0 0 0 0 0 0 4.467 0 0
3.772 0 0 0 0 0 4.73 0 3.226 3.57 0 0 0 0 0 0 0 0 3.984 0 3.448 4.636 0 0 0 0 4.579 0 0 0 0 0 4.605 4.131 0 0 5.301 0 0 0 0 0 0 0 0 0 0 0 0 0 0 0 0 0 0 0 0 0 0 0 0 0 0 0 0 0 0 0 0 0 0 0 0 0 0 0 0 0 0 0 0 0
3.398 3.943 4.089 0 0 0 4.095 4.809 3.163 3.301 0 4.287 3.393 0 4.108 0 3.21 4.091 0 4.253 3.262 4.108 3.984 5.012 0 0 3.891 4.435 0 0 0 0 4.245 3.946 0 4.074 5.028 5.069 5.045 4.248 4.996 0 0 0 0 0 0 0 0 0 0 0 0 3.041 0 0 0 0 0 3.816 0 0 3.533 0 0 0 0 4.33 0 0 0 0 0 4.96 3.908 0 5.053 5.16 0 0 0 0
3.728 4.213 0 0 0 0 4.874 5.54 3.474 3.796 0 4.826 3.883 0 0 0 3.857 4.666 4.108 4.545 3.601 0 4.636 5.522 0 0 4.485 5.332 0 0 0 0 4.583 4.238 0 4.475 5.593 5.626 5.835 4.585 5.627 0 4.162 0 0 0 0 3.482 0 0 0 0 0 0 0 0 0 0 0 4.06 0 0 4.112 0 0 0 0 5.063 0 0 0 0 0 5.406 4.387 0 5.495 5.534 0 0 0 0
3.212 3.368 3.781 0 0 0 3.812 4.597 2.96 3.021 0 3.887 0 0 3.996 0 0 3.774 3.393 0 3.004 3.883 3.903 4.519 0 0 3.734 0 0 0 0 0 3.842 3.657 0 3.863 4.719 4.556 4.586 0 0 0 0 0 0 0 0 0 0 0 0 0 0 2.999 0 0 0 0 0 3.563 0 0 0 0 0 0 0 0 0 0 0 0 0 0 0 0 0 0 0 0 0 0
0 5.737 0 5.396 8.65 3.337 6.228 8.1 0 0 7.664 6.377 0 5.125 6.285 0 4.281 5.927 0 6.263 0 0 0 7.979 0 0 5.945 7.668 5.181 0 0 5.68 6.232 5.821 6.576 6.03 7.37 8.285 8.39 6.427 8.265 0 0 0 0 0 0 0 0 0 0 0 0 0 0 0 0 0 0 0 0 0 0 0 0 0 0 0 0 0 0 0 0 0 0 0 0 0 0 0 0 0
